0
1
10
100000000
100000001
100900000
100912345
1053904160
107374182
109046476
109048476
109050476
109054476
109058476
11020098
11020512
1111
111100000
111111000
11111111
111111110
111111111
1193046
121763936
123
123455678
123456
123456000
123456778
12345678
123456788
123456789
123456987
123888888
13585417
15
168
17700860
18087938
18859248
18976437
18976452
18976479
2
20049699
200804300
201006210
201208170
2012586
205000001
205008600
205030000
205050000
205053000
205123456
205188000
205193000
205233000
205278890
205280390
205300000
205369890
205389826
205393190
205393790
205394490
205404390
205457590
205474290
205642000
207261203
211100000
211143890
211222400
211430730
211484674
211590640
214181810
219825000
222222220
222222222
222256789
222456789
223456789
224079000
225397000
227023100
229095000
229097000
229309000
230634000
232002833
234576432
235012119
235058304
235080274
235095629
236111919
237
242000000
244010082
244010190
244010716
244010910
244050426
244050469
244060875
244060924
244070903
244090901
244100055
244148000
244186000
244216000
244353000
244391037
244394000
244528000
244580354
244603000
244615283
244616000
244619000
244620542
244620839
244620954
244620955
244620979
244620994
244630070
244630110
244630169
244630184
244630439
244645890
24465003
244650228
244650575
244650808
244650879
24465607
244660185
244660374
244660377
244660379
244660408
244660409
244660449
244660757
244660830
244660875
244660954
244660967
244660996
244670062
244670063
244670088
244670098
244670108
244670122
244670357
244670460
244670549
244670664
244670755
244670789
244670809
244670818
244690002
244690030
244690212
244690405
244690595
244692000
244700124
244700337
244700378
244700379
244700380
244700467
244700500
244700532
244700533
244700534
244700537
244700556
244700680
244700806
244700850
244700938
244705000
244710114
244710118
244710137
244710207
244710254
244710340
244710352
244710367
244710450
244710457
244710617
244710703
244710763
244710812
244710817
244710833
244710864
244710865
244711426
244730376
244730890
244730894
244735000
244740057
244740389
244740442
244740452
244740484
244740802
244750119
244750217
244750494
244750495
244750496
244750587
244750742
244750891
244750981
244758000
244770089
244770332
244770767
244780005
244780077
244780213
244780254
244780305
244780344
244780366
244780435
244780511
244780514
244780525
244780543
244780576
244780584
244780602
244780658
244780700
244780756
244780780
244780783
244780807
244790496
244838000
244859000
244974000
245079000
245082000
245087000
245154000
245282000
245418000
245527000
245569000
245724000
245906000
245907000
245958000
246024000
246128000
246216000
246296000
246300000
246335000
246426000
246517000
246536000
246537000
246543000
246587000
246713000
246864000
246878000
249039000
249040000
249349000
249486000
253059000
253077000
253416000
256758000
256759000
257005970
257791000
26016450
261003590
264162940
265000000
268
269056851
269057336
27055478
271056001
273000000
273000002
273000003
273290200
273358350
273380700
273555500
291838374
3
304020821
305019000
305658000
305750000
305833000
308162000
308399000
308851000
309076000
311000018
311010100
311010600
311014600
311021100
311025600
311026500
311028700
311036300
311054200
311187279
311393000
311824000
312040000
312086000
312304000
312391000
312786000
312851000
319013500
319038700
319058000
319155000
319249000
319617000
319819000
319904000
319956000
333333333
335550841
341092000
341949000
345000000
345020012
345030007
345070600
345070700
345070708
351156000
351355000
351710000
351801000
351849000
351984000
352123000
352329847
352559000
352725000
352769000
352775000
352859000
352894000
353251000
353465000
353534000
353576000
353983000
354101000
354199000
354292000
354361000
354574000
354587000
354622000
354668000
354921000
354942000
354971000
355193000
355290000
355432000
355471000
355488000
355497000
355647000
355970000
356006000
356027000
356159000
356299000
356481000
356723000
356763000
357942000
365961219
366967296
366982340
366986240
366998016
366998784
366998785
366998923
367001601
367009792
367061930
367083520
367154120
367305984
367306055
367306128
367306131
367392512
367443712
367443783
367543390
370189000
370346000
370455000
370486000
370491000
370505000
370506000
370507000
370511000
370513000
370515000
370560000
370585000
370625000
370763000
370777000
370801000
371398000
371401000
371411000
371421000
371502000
371756000
371897000
371910000
372011000
372079000
372478000
372689000
372696000
372728000
372731000
372810000
372973000
375133000
376029000
376091000
376178000
376185000
376262000
376309000
376526000
376550490
376566000
376626000
376657000
376832000
376896000
379592825
387448952
403006000
403040000
410000000
412000000
412000001
412000020
412001963
412011080
412035223
412044510
412047540
412100000
412123456
412204730
412300000
412303030
412320860
412333333
412345678
412357090
412362090
412371660
412420432
412420503
412420504
412420788
412450000
412459420
412555555
412596888
412666666
412683456
412755340
412888888
412888999
413000000
413000001
413000008
413015020
413123456
413222000
413300000
413301410
413333333
413352380
413359070
413423180
413456789
413473180
413473190
413473210
413554030
413666666
413695720
413700000
413770000
413774502
413780744
413789056
413800000
413802800
413888888
413902147
413905572
413930711
413940515
413940534
414321856
415000000
415000012
415000128
416000000
416001689
4163400
416450000
419000000
41969700
425001042
440000000
440322920
440618000
441829000
450549000
457900002
457900097
470000000
470000001
470123456
470717000
470903000
477552400
503000000
503338000
503383600
503488000
503499100
51171687
51255292
514962000
51781058
518186225
525000000
525000001
525000002
525005017
525008028
525010000
525015092
525015903
525015932
525016458
525019003
525019522
525123456
527000001
529466000
538001859
538003286
538004952
553456789
563301000
563457000
564404000
564638000
564681000
564721000
564789000
565435000
565796000
566688000
567001370
568888888
570317989
572465210
576004000
576115000
576131000
576290000
576368000
601980000
635994120
657270000
657601000
657841000
657901000
6645040
666000001
666666000
667841000
677011200
677035800
677036200
677036300
677036700
677036900
677037700
677038000
700000000
701000648
701006105
701060000
701509000
704643072
710000000
710000373
710000450
710000500
710000720
710001000
710001290
710001520
710002450
710002790
710005810
710012010
710999915
710999995
710999996
720801000
725000625
755000000
755020000
755123456
775000000
775995400
775995430
777777777
800017800
8072781
8073718
808663857
808663912
808664168
8407979
876852802
88
8888
88888
888888888
888888889
9
900000000
900000009
900123123
900268698
900300308
920101116
961118000
963619371
97
987654321
999999444
999999903
99999999
999999991
999999998
999999999