0
1
100000000
100000001
100900000
100912345
103
1030101030
1030288023
1035
1037820
1044517
107374182
1073741823
1083687
1088729
109050476
109054476
11
111
111000000
111014009
1111
111100000
11111
111111000
111111100
11111111
111111110
111111111
111111112
1118191
1184956
1187945
1193046
1195362
120000000
1208523
1218050
123
123000000
123123123
123447963
123450009
123451234
123455678
123456
123456000
123456778
12345678
123456780
123456788
123456789
123456987
123500000
123888888
1238995
1253940
1255865
1261493
1262122
1289988
1290954
1316584
13237745
134217739
1344288
1345393
13585417
1390918
1416562
1421253
1427346
14347
1434722
1453359
1456964
1485957
1490241
149382685
1496081
1512111
1513989
1514447
1520673
1528513
1617428
1618143
16395
164135106
164135200
164135243
164135542
164675088
168
1709262
1711793
173736
1762773
1771087
17746309
1777511
1787869
17982950
1819619
1828045
18859248
1896589
18976437
18976445
18976452
18976455
18976487
1918541
1981973
2
200000000
200804300
201
201006210
201204131
201208170
201211180
2012586
204709000
2047593
205000001
205008600
205038000
205043000
205045800
205051000
205085300
205112490
205177000
205188000
2051906
205193000
205203390
205203510
205212390
205231000
205233000
205252690
205253490
205254190
205257290
205264290
205264890
205273990
205274990
205278890
205280990
205284690
205284990
205295690
205300000
205300690
205301290
205307600
205335490
205351190
205351390
205355190
205356690
2053587
205369090
205369890
205372490
205377790
205385890
205386590
205389826
205390790
205391690
205391990
205392190
205393190
205394490
205396000
205401710
205402090
205404390
205418790
205435590
205435990
205446590
205452690
205452890
205457590
205464990
205466590
205474000
205474290
205475000
205475290
205477290
205479890
205481290
205483000
205484790
205487290
205491290
205496090
205501790
205502390
205504190
205504290
205505090
205505590
205506390
205507490
205508590
205515690
205517490
205521690
205538000
205545000
205546000
205559000
205616000
205621000
205625000
205626000
205627000
205634000
205639000
207261221
2079018
208194424
2086118
209098000
209126000
209631000
209719000
209724000
209792000
209808000
209883000
209949000
210001000
210002000
210035000
210100000
210207000
210280000
210334000
210481000
210610000
210719000
210721000
210723000
210743000
210912000
211
211000000
211001940
211177700
211214200
211217360
211222350
211288580
211315100
211359850
211373830
211378784
211434550
211474450
211484674
211491850
211517130
211523190
211580000
211627400
211631000
212036000
212157000
21233666
212400000
212536000
212572000
212740000
212819000
212838000
212903000
214180118
214181324
214181423
214181607
214181808
214182107
215097000
215203000
215299000
215330000
215544000
215770000
215891000
216638226
218427000
218432000
218575000
218670000
219017081
219018172
219018692
219119000
219318000
219422000
219458000
219601000
219612000
2196914
219825000
220155000
220284000
220298000
220384000
220574000
220635003
22222222
222222222
222256789
222376
222456789
223456789
224029000
224246950
224277000
2242942
224441000
224607000
224692000
224768000
224840000
224882000
224957000
224963000
225315000
225397000
225416000
2254532
227000000
227023100
227023300
227145600
227856
228000000
228008600
228163801
229076000
229095000
229097000
2292961
229423000
229435000
229605000
229633000
230636000
2307461
230926000
232000001
232002833
232418000
232478000
2327291
2331945
2338536
2346033
234781000
235000826
235004960
235011870
235012119
235013295
235016274
235018011
235022611
235050117
235058304
235060208
235065294
235070078
235076932
235080023
235080274
235081502
235081661
235085563
235086473
235090733
235101697
235426000
235707000
2358734
235900006
2359826
2362387
236294000
236435000
236451000
236466000
236477000
236490000
236634000
237
23788811
238648410
239513000
239571000
239793000
240213000
240498000
240575000
240594000
240597000
240654000
240742000
241123000
242000000
242123100
2423402
2425975
243338896
243338936
244000000
244010082
244010190
244010219
244010526
244010716
244010724
244010731
244010773
244010774
244010879
244010887
244010910
244010955
244012345
244020033
244020037
244020144
244020244
244020449
244020463
244020488
244020684
244020692
244020757
244020876
244020916
244030023
244030043
244030421
244050207
244050426
244050469
244060306
244060815
244060818
244060858
244060875
244060879
244060924
244070156
244070288
244070620
244070903
244070991
244078000
244085000
244085775
244090901
244100055
244100731
244148000
244153120
244186000
244216000
244257000
244274000
244275000
244353000
244357000
244391000
244391037
244398000
244454000
244509000
244528000
244532000
244603000
244615283
244615748
244615899
244619000
244620087
244620173
244620196
244620542
244620628
244620781
244620782
244620839
244620869
244620933
244620934
244620936
244620940
244620944
244620945
244620954
244620959
244620965
244620968
244620973
244620976
244620979
244620980
244620982
244620986
244620994
244622000
244625011
244630015
244630022
244630024
244630026
244630027
244630028
244630043
244630052
244630070
244630096
244630100
244630110
244630112
244630113
244630169
244630184
244630192
244630353
244630427
244630439
244630605
244630606
244630651
244630706
244630720
244630750
244630814
244630816
244645890
24465003
244650033
244650228
244650467
244650475
244650552
244650575
244650690
244650753
244650754
244650790
244650794
244650795
244650807
244650829
244650832
244650838
244650872
244650874
244650879
244650880
244650881
244650920
244650928
244650951
244650970
244650979
244650985
244650992
244650997
24465607
244660018
244660052
244660067
244660086
244660087
244660113
244660122
244660152
244660158
244660159
244660172
244660196
244660202
244660215
244660237
244660240
244660245
244660252
244660255
244660306
244660328
244660341
244660365
244660375
244660377
244660393
244660401
244660408
244660409
244660419
244660423
244660439
244660441
244660449
244660472
244660475
244660506
244660532
244660545
244660565
244660566
244660576
244660622
244660627
244660629
244660638
244660639
244660644
244660648
244660653
244660656
244660679
244660705
244660713
244660715
244660725
244660738
244660745
244660757
244660765
244660768
244660815
244660819
244660830
244660831
244660841
244660862
244660875
244660878
244660896
244660961
244660967
244660996
24466375
244670016
244670040
244670062
244670063
244670077
244670079
244670084
244670087
244670088
244670098
244670100
244670101
244670102
244670107
244670108
244670109
244670119
244670122
244670175
244670188
244670246
244670293
244670312
244670357
244670385
244670399
244670404
244670408
244670433
244670460
244670549
244670563
244670564
244670638
244670664
244670674
244670725
244670745
244670755
244670768
244670774
244670789
244670797
244670809
244670819
244670865
244670938
244670963
244670973
244670998
244690001
244690002
244690030
244690155
244690212
244690251
244690316
244690328
244690333
244690362
244690375
244690405
244690454
244690455
244690482
244690563
244690595
244690612
244690847
244690859
244690863
244690970
244690991
244692000
244700059
244700124
244700126
244700131
244700194
244700196
244700213
244700238
244700277
244700326
244700370
244700378
244700379
244700380
244700398
244700448
244700500
244700532
244700533
244700534
244700535
244700537
244700556
244700632
244700651
244700668
244700680
244700688
244700689
244700715
244700806
244700816
244700820
244700837
244700850
244700890
244700897
244700905
244700985
244700986
244700991
244710018
244710114
244710116
244710118
244710126
244710137
244710157
244710200
244710207
244710229
244710340
244710343
244710352
244710357
244710367
244710444
244710450
244710457
244710475
244710522
244710550
244710581
244710617
244710656
244710659
244710703
244710708
244710710
244710730
244710736
244710763
244710817
244710825
244710833
244710856
244710864
244710865
244710869
244710870
244710878
244710879
244710899
244710903
244711426
244730016
244730020
244730153
244730268
244730476
244730603
244730883
244730890
244730894
244730959
244731000
244735000
244740052
244740335
244740389
244740452
244740453
244740484
244740488
244740575
244740618
244740657
244740681
244740741
244740802
244740814
244740872
244740873
244750116
244750119
244750200
244750217
244750306
244750350
244750356
244750401
244750464
244750494
244750495
244750496
244750560
244750587
244750641
244750739
244750742
244750826
244750830
244750887
244750961
244750980
244750981
244750986
244770013
244770266
244770332
244770514
244770618
244770638
244770733
244770838
244780077
244780213
244780254
244780264
244780305
244780344
244780366
244780380
244780451
244780514
244780542
244780576
244780602
244780658
244780663
244780780
244780783
244780823
244787000
244790091
244790496
244790685
244805000
244810087
244810462
244810513
244810534
244810632
244810665
244810692
244817000
244838000
244895000
244964000
244966000
244974000
245027000
245028000
245038000
245059000
245077000
245082000
245085000
245142000
245154000
245194000
245209000
245282000
245349000
245350000
245351000
245418000
245470000
245494000
245505000
245518000
245527000
245569000
245601000
245670000
245724000
245820000
245871000
245906000
245907000
246021000
246026000
246033000
246128000
246171000
246172000
246190000
246211100
246233000
246242000
246255000
246289000
246300000
246333000
246351000
246359000
246363000
246381000
246389000
246411000
246426000
246517000
246521000
246536000
246537000
246543000
246581000
246586000
246587000
246636000
246643000
246710000
246798000
246836000
246874000
246875000
246901005
246922000
247013400
247056100
247062400
247078800
247098900
247116800
247139000
247142000
247157500
247161800
247178700
247183200
247186300
247206000
247218500
247230200
247279000
247281400
247295400
247302700
247366000
247590000
248186000
248187000
248306000
248417000
248452000
248465000
249039000
249040000
249486000
249727000
249735000
249753000
249771000
249901000
251047110
251055000
251056110
251057000
251088110
251123000
251125000
251126110
251155000
251160110
251180110
251182110
251191110
251215110
251240110
251244110
251318000
251365110
251383110
251401000
251411110
251425110
251433000
251438110
251451000
251464000
251507000
251517000
2515447
251546000
251603110
251605000
2516149
251745000
251756000
251790000
2518766
2520934
253011000
253059000
253077000
253198000
253242377
253242428
253248000
253373000
253449000
255803950
255838000
2561178
256758000
256759000
257014400
257062600
257067040
257084340
257101500
257173720
257210000
257303420
2573765
257392400
257629000
257825500
257999239
257999279
258092000
258538000
258584000
25948
259490000
2601204
261003330
264340
264402008
2646514
265000000
265150000
265500630
265509170
265511420
265609540
2656888
265708620
265951000
266001000
266037000
2677757
268
268665
269025282
269056851
269056957
269057234
269057261
269057316
269057336
269057360
269057368
269057378
2698616
2699017
2699472
271000000
271000001
271000092
271000223
271000388
271000538
271000743
271000751
271000818
271000831
271000871
271001023
271001029
271001035
271001093
271002213
271002221
271002359
271010100
271040254
271040295
271040319
271042241
271042494
271042761
271043517
271056001
272000000
272111111
272121500
272319000
272489000
272494000
272888300
2728903
273000000
273000001
273000003
273000010
273111111
273132900
273290200
273312780
273314480
273317910
273331750
273331960
273332110
273334320
273339300
273339630
273339660
273340220
273349030
273353480
273353940
273355340
273357700
273358350
273358650
273368480
273380700
273431060
273433550
273445350
273449410
273449800
273455500
273526700
273541320
2738593
273998866
276458000
2811645
2820020
2904727
2905445
2926495
2954041
2992661
2998911
3
304010646
304020821
304158000
304159000
304217000
304260000
304263000
304304000
304416000
304550000
304853668
304924000
304962000
305019000
305041000
305230000
305268000
305313000
305376000
305411000
305468000
305515000
3055653
305735000
305736000
305809000
305838000
305994000
305996000
3070493
3072469
308095000
308162000
3081907
308399000
308659000
308689000
308705000
308851000
309076000
309313000
309438000
309461000
3099459
3104041
311010100
311010600
311011900
311014600
311021100
311025600
311026500
311036300
311037800
311040900
311044200
311073800
311166000
311255000
3115479
311824000
312019000
312092000
312391000
312601000
312694000
312786000
314410000
3145795
316001245
316001251
316001257
316002059
316003669
3165378
317672
319013500
319058000
319249000
3192517
319264000
319349000
319657000
319732000
319733000
319768000
319819000
319904000
319936000
319956000
3205175
321456987
3237940
3238993
32779
329002300
33030146
331070000
331428000
331430000
3318158
3325006
333000340
333333333
3344678
3361806
3368480
338085241
338123353
338124561
338343000
3397571
339979
341213000
341247000
341539000
341643000
3425056
345000000
345020012
345030007
345070129
345070400
345070401
345070600
345070708
345070801
345525
3491202
3503438
3508860
351051936
351183072
351205000
351355000
351356000
351409000
351698000
351744000
351801000
351849000
351938000
352123000
352168000
352262000
352464000
352725000
352769000
352775000
352859000
352861000
352870000
352894000
352997002
353160000
353232000
353251000
353270000
353306000
353446000
353465000
353576000
3535807
353718000
353978000
353983000
354004000
354059000
354060000
354099000
354187000
354292000
354333000
354361000
354574000
354587000
354622000
354634000
354668000
354756000
354865952
354867968
354868000
354921000
354934000
354942000
355193000
355289000
355290000
355313000
355488000
355497000
355635000
355647000
355970000
356006000
356027000
356159000
356187000
356249000
356288000
356299000
356345000
356524000
356708000
356777000
356828000
356939000
357000000
357144000
357189000
357555000
357659000
357736000
357762000
357814000
357919000
357942000
357993000
362345111
366376000
36671530
366748260
366768480
366771712
366771808
366921216
366921217
366921423
366935296
366961890
366967490
366982340
366995712
366995748
367007510
367014190
367024990
367061930
367107320
367110910
367150180
367154120
367177550
367305984
367306128
367309120
367335830
367355240
367368250
367373850
367376440
367392512
367392680
367392681
367403450
367405840
367467170
36748250
367488490
367500800
3675023
367543560
367583670
367598440
368105946
368470000
3685119
369500000
369970577
369970669
369982100
370095000
370169936
370231000
370346000
3704025
370455000
370486000
370491000
370505000
370506000
370507000
370511000
370513000
370515000
370585000
370621000
370625000
370689000
370763000
370777000
371078000
371089000
371398000
371401000
371411000
371453000
371502000
371756000
371830000
371842000
371854000
371897000
371910000
371949000
372011000
372079000
372086000
372398936
372440000
372448000
372478000
372505000
372579000
3726157
372689000
372731000
372843000
372930000
373007000
373130000
373204000
373206000
373223000
373255000
373408000
373490000
373574000
3735826
373618000
373779000
373880000
373972000
3745516
374748000
375133000
375181000
3752574
375278000
375467000
375616000
375678000
375879000
376029000
376091000
376154000
376178000
376185000
376262000
376309000
376347000
376566000
376626000
376657000
376748000
376896000
377128000
377586000
3787751
379291
3804694
38179
3853942
3858736
386648
3883690
3890923
3920226
3943405
395911
3959553
4
400000000
4007766
4012079
4014360
4020913
4025297
403000000
403006000
403010000
403040000
403284000
403288000
403701610
403741
4044157
405000099
410000000
411413682
412
412000000
412000001
412000002
412000011
412000020
412000030
412000040
412000089
412001000
412001379
412002450
412005005
412011080
412015180
412018350
412020650
412031040
412040010
412043550
412044510
412045240
412047340
412047540
412060046
412070130
412100000
412111111
412123456
412200083
412201233
412204730
412222222
412270002
412300000
412301340
412303030
412320000
412322323
412324188
412324260
412325000
412328760
412328990
412329890
412330000
412330230
412331035
412333333
412339965
412345678
412350104
412355790
412356789
412362090
412365478
412378510
412379270
412400000
412402590
412412412
412413258
412420197
412420503
412420788
412421701
412431060
412434390
412439060
412440104
412450000
412451950
412456690
412456789
412459420
412460000
412461970
412463420
412468180
412469630
412470050
412470450
412474730
412500000
412555555
412565655
412568000
412570000
412592390
412596112
412596888
412666666
412683456
412751470
412753280
412755540
412760990
412789456
412888888
412888999
412900000
412987456
413000000
413000001
413000002
413000005
413000008
413002887
413015010
413015060
413024560
413045240
413081510
413096040
4130988
413100000
413123456
413200000
413222000
413222223
413235000
413255000
413256000
413256789
413300000
413300920
413301410
413302130
413303020
41332240
413324780
413331000
413333333
413352910
413354720
413355030
413359070
413360000
413371950
413376610
413400210
413423890
413425260
413436790
413437230
413440830
413444000
413456789
413466740
413469180
413472360
413473180
413473190
413473210
413473690
413473920
413503620
413550320
413551920
413567890
413589000
413591740
413591750
413647000
413666666
413670000
413692960
413695720
413700000
413733072
413743000
413760000
413770000
413774000
413774502
413778000
413780000
413786462
413787888
413789056
413800000
413802800
413805222
413805859
413812104
413812700
413888839
413888888
413900000
413900088
413900333
413900349
413900438
413900566
413900971
413901101
413901102
413901227
413901895
413902122
413902637
413905228
413905572
413905997
413906103
413906104
413906107
413930711
413940346
413940589
413940831
4139460
413951000
413951566
413961142
413971000
413972000
413974000
413980000
413988000
413988988
413990011
413990837
413999999
414021000
414130000
415000000
416000000
416000001
416000057
4163400
416450000
4167884
4170877
4174654
4186586
4189155
419000000
419000101
419000185
419058300
4194315
419956105
422000000
422123456
422240000
422656000
423456789
428630
431000236
431004595
431004622
431004777
431004911
431099806
431704490
433500660
434111900
436000051
440000000
440002076
440005038
440005082
440150940
440201060
440288000
440400000
440618000
440773000
440787000
440987654
441829000
441887000
441888000
442002007
442202038
444444444
4455035
44660952
446995
447004400
45
4550902
457900002
457900097
461000437
462016479
464265
466174000
470000000
470000001
470000348
470006473
470100050
470123456
470209000
470234000
470249000
470262000
470274900
470281000
470290000
470310000
470331100
470372000
470388000
470415000
470429000
470453000
470471000
470538000
470565000
470566000
470573000
470576000
470626000
470642000
470667000
470700351
470717000
470726000
470774000
470777000
470812000
470855000
470903000
470919000
470931000
470932000
470934000
470952000
476833656
477030264
477063032
477077700
477095768
477095792
477095802
477174800
477261800
477311500
477423900
477470000
477559200
477638900
477739400
477853120
477938500
477968500
485371001
5
501154188
503000000
503170000
503338000
503499100
503760000
505936
51172003
51255292
51293245
51300741
51301808
51332554
51334327
51414000
514142000
514962000
518273000
521285946
525000000
525002062
525003044
525005011
525005014
525005017
525010000
525015839
525015932
525016608
525019003
525019019
525019522
525021102
525025048
525123456
5251537
52939159
529466000
529508000
533463000
533569000
536871179
538001560
538002961
538003214
538003345
538003889
538003917
538003989
538004014
538004079
538004248
538004267
538004305
538004369
538004621
538004709
538004945
538005063
538005064
538070921
538090307
538090373
538090386
538090464
547072
548000000
548817000
553456789
5550055
555555555
555622526
563020260
563100000
563301000
563455000
563492
563598000
563662856
563955000
564305000
564328000
564400000
564638000
564681000
564721000
564789000
565384000
565435000
565769000
566000000
566028000
566041000
566042000
566049000
566302928
566338000
566425000
566520000
566610000
567001370
567001410
567059200
572265000
574000000
576131000
576290000
576411000
577034000
577164000
577168000
577196000
579212086
582378
58720267
588629
595111111
600000000
600011623
6003353
616134
616999227
622123000
624538
632282
633915971
635684
635809126
635830132
636007950
636009894
636011792
636012804
636013277
636013800
636013878
636013879
636014262
636014576
636014597
636014632
636014704
636014884
636015112
636015171
636015180
636015528
636015656
636015912
636075590
636087559
636087878
636090138
636090253
636090402
636090860
636090921
636091044
636091050
636091120
636091125
636091232
636091315
636091351
636091412
636091433
636091497
636091753
636091800
636091945
636091973
636092024
636092186
636092199
636092266
636092317
636092392
636092393
636092440
636092442
636092458
636092470
636092471
636484628
645140856
645146744
645147000
645370
6459022
654045800
657111039
657429000
657523000
657901000
657972000
6645040
666000001
666666666
667009020
667009029
667080219
67108875
671242000
672257576
677011200
677018500
677019800
677028200
677030500
677030700
677036200
677036700
677036900
677037700
677037800
677056100
677058600
680454
685088376
7
700000000
700744009
700744010
700744310
701000560
701000562
701000623
701000648
701000655
701000656
701000717
701000794
701000796
701000797
701000798
701000855
701000929
701000962
701005899
701005922
701005986
701006017
701006018
701006050
701006081
701006085
701006098
701006100
701006144
701006145
701006146
701006147
701006149
701006151
701006152
701006153
701006154
701006155
701006157
701006161
701006183
701006225
701006226
701006227
701006229
701006244
701006257
701006265
701006267
701006273
701006274
701006283
701006289
701006293
701006299
701006302
701006308
701006322
701006330
701006355
701006362
701006371
701006380
701006405
701006407
701006423
701006430
701006450
701006453
701006454
701006462
701006497
701007040
701007048
701007053
701018441
701018442
701018443
701018742
701019336
701060000
701098000
701509000
701526000
701546000
701547000
701811968
701812000
701812003
704643072
709990546
710000000
710000001
710000009
710000115
710000450
710000500
710001000
710001100
710001290
710001520
710001780
710002450
710005670
710005810
710006866
710006914
710006929
710012990
710013210
710014260
710123456
710666666
710999996
710999999
725000394
725000625
725002020
725002060
725003500
725017200
730044000
735059022
746743
7508
755029000
755123456
755251400
755638354
755999250
756425
770108190
770576009
770576060
770576067
770576105
770576126
770576134
770576186
770576189
770576198
770576200
770576231
770576262
770576266
770576267
770576275
7732054
775000000
775996159
775996425
777777777
785421142
787878787
789899988
793269
799999999
8
800000000
800017800
8072781
8073718
808464496
808663857
808663912
808664168
82
823614
831992
8388619
839602
845029502
848507543
858600
88
883535432
884298
888
8888
88888
888888
888888888
888888889
888888999
898090
9
900000000
900000008
900000009
900123123
900200001
900300308
910798
911413
913000000
920101116
924467387
929313514
937659
939960
956261
957319
957973000
960000000
961118000
963145
969883
97
977777907
987654307
987654321
99
990000000
99142211
991750
99220743
999000001
999000002
999000009
999123456
9999
999999000
999999111
999999222
999999333
999999444
999999555
9999999
99999999
999999991
999999998
999999999