0
1
10000000
100000000
100000001
100900000
100912345
107374182
1073741823
11
110000000
111000000
111100000
111111000
11111111
111111110
111111111
111111112
111222333
111503018
111503019
111503020
114
1193046
123
123123123
123451234
123454321
123456
12345678
123456780
123456788
123456789
123456798
125639874
135792468
13585417
14100067
168
17971867
18207286
1888861
18976437
18976452
19199133
2
200000000
200804300
201006210
201204131
201208170
201211180
202010200
202020200
205000005
205008600
205013000
205030000
205045800
205072000
205087000
205114000
205126000
205177000
205188000
205193000
205200190
205203124
205203390
205207000
205212390
205227090
205231000
205233000
205234000
205245990
205247700
205252190
205252690
205253490
205264290
205274990
205279890
205284690
205284990
205289990
205292190
205293390
205295690
205298990
205300000
205300690
205301290
205316890
205340890
205348000
205349890
205351290
205355190
205356490
205362890
205364790
205365890
205377790
205386590
205388090
205388990
205389826
205391690
205391990
205392190
205393190
205394490
205401290
205402090
205410590
205414190
205415690
205418790
205421990
205434090
205435990
205446590
205450490
205450690
205454090
205454656
205455362
205460490
205461000
205461490
205466000
205474290
205477290
205479890
205481290
205483000
205487290
205488290
205491290
205492690
205502390
205502790
205504190
205505090
205505590
205506390
205509590
205512190
205514990
205517490
205523890
205525490
205526390
205538000
205545000
205555000
205557000
205616000
205625000
205628000
205644000
205733900
205739710
205907400
209055000
209152000
209337000
209375000
209506000
209524000
209723000
209840000
209850000
209851000
210035000
210050000
210130000
210233856
210450000
210521000
210523000
210584000
210621000
210667000
210716000
210721000
210920000
210921000
210935000
211
211000000
211001940
211035182
211115000
211130000
211149000
211173930
211188000
211188220
211190000
211200690
211203240
211207760
211208390
211208420
211214970
211214980
211215210
211215340
211216410
211216480
211218820
211219990
211222350
211222710
211224650
211227410
211228200
211234480
211235240
211245200
211245550
211247120
211252540
211257820
211265610
211267710
211283440
211284230
211285270
211286490
211290750
211305290
211312160
211331920
211336340
211352600
211359850
211364460
211434550
211436040
211436370
211437160
211437180
211437290
211437310
211437320
211437470
211437770
211437930
211438440
211439370
211440680
211442010
211444890
211455300
211462080
211464420
211468560
211473470
211474990
211484674
211493430
211503210
211507000
211507280
211510910
211511630
211511920
211512510
211517130
211518780
211523800
211532590
211553510
211555020
211560830
211588680
211590370
211599340
211611680
211611960
211623660
211626110
211626350
211626380
211649550
211651000
211744000
211781000
211809000
212008000
212052000
212100000
212115000
212204000
212232000
212259000
21233666
212368000
212370000
212396000
212400000
212425000
212487000
212561000
212636000
212641000
212746000
212808000
212856000
212877000
212946000
212947000
212983046
213777000
214182107
214182108
215211000
215683000
215964000
218057000
218586000
218731000
218764000
218767000
218780000
219000429
219000479
219000603
219000604
219000733
219000742
219003966
219010982
219011867
219014012
219014435
219015648
219016555
219016577
219016906
219017081
219018172
219242000
219282000
219292000
219318000
219380000
219410000
219411000
219455000
219458000
219513000
219562000
219825000
219938000
220279000
220284000
220520000
222222222
223456789
224226720
224689000
224704000
224768000
224783000
224827000
224840000
225374000
225397000
225803960
226000000
226269000
227000000
227023200
227023300
228002000
228006800
228008603
228022900
228085000
228163801
228267600
228330801
228330803
229095000
229097000
229108000
229168000
229221000
229435000
229690000
229706000
229808000
229876000
229877000
230007000
230014910
230172000
230181000
230184000
230186000
230226000
230309761
230309819
230309820
230309824
230309827
230309829
230309831
230309833
230309835
230309836
230361000
230366000
230610000
230623000
230628000
230629000
230636000
230637000
230638000
230639000
230954000
230981000
230987000
230995000
231200000
231208000
231355000
231641620
231647126
231647127
231801000
232000570
232001260
232001470
232002589
232002833
232004486
232704000
233638000
234295000
234552000
234781000
235000826
235001239
235006670
235007521
235007523
235009590
235009978
235010450
235010500
235010690
235011130
235011250
235012119
235018872
235022611
235031617
235032474
235050795
235055752
235058304
235060247
235064777
235069877
235071204
235071349
235073614
235074533
235077831
235080023
235080245
235080274
235081661
235082717
235083239
235083344
235084702
235086473
235086904
235095162
235095775
235095776
235097248
235101274
235101697
235102029
235106183
235106475
235707000
235900006
236111779
236111792
236213000
236228000
236312000
236343000
236364000
236476000
236481000
236529000
236598000
236650000
236652000
237
237008100
237611000
237940000
238118940
238123456
239651000
239738000
240000000
240269000
240370000
242000000
243990530
244000000
244010025
244010069
244010190
244010219
244010253
244010352
244010517
244010675
244010716
244010724
244010887
244010955
244020033
244020072
244020144
244020244
244020449
244020463
244020488
244020684
244020757
244020773
244020876
244020943
244030099
244030421
244030668
244030798
244035000
244050426
244050469
244050847
244060298
244060306
244060760
244060858
244060875
244060879
244060924
244070156
244070620
244070903
244070991
244073000
244084683
244085000
244090200
244090438
244090901
244100001
244100055
244100731
244113000
244123000
244128000
244130293
244148000
244153120
244169000
244180952
244186000
244190000
244198000
244216000
244250733
244250734
244257000
244274000
244275000
244281000
244287000
244296000
244304000
244353000
244391000
244391037
244396000
244452992
244453016
244453047
244454000
244509000
244521000
244528000
244574000
244580354
244603000
244615067
244615283
244615899
244615956
244616000
244619000
244620173
244620196
244620400
244620446
244620542
244620712
244620841
244620854
244620859
244620876
244620933
244620934
244620946
244620947
244620959
244620964
244620965
244620976
244620980
244620986
244622000
244630015
244630019
244630022
244630024
244630027
244630028
244630038
244630100
244630110
244630113
244630115
244630169
244630184
244630353
244630393
244630402
244630427
244630533
244630536
244630605
244630606
244630706
244630814
244645890
244650323
244650475
244650483
244650515
244650575
244650593
244650597
244650632
244650689
244650699
244650746
244650754
244650790
244650794
244650795
244650807
244650874
244650878
244650879
244650880
244650881
244650884
244650920
244650928
244650951
244650960
244650970
244650986
244650992
24465607
244660004
244660018
244660031
244660032
244660052
244660062
244660067
244660083
244660086
244660105
244660108
244660113
244660114
244660152
244660172
244660179
244660204
244660217
244660234
244660245
244660252
244660290
244660306
244660328
244660341
244660361
244660370
244660374
244660377
244660384
244660395
244660400
244660401
244660408
244660409
244660412
244660416
244660418
244660434
244660439
244660482
244660498
244660518
244660572
244660576
244660594
244660595
244660611
244660622
244660624
244660627
244660639
244660648
244660655
244660656
244660657
244660675
244660679
244660725
244660729
244660735
244660745
244660747
244660757
244660765
244660782
244660815
244660819
244660821
244660825
244660831
244660841
244660843
244660875
244660878
244660896
244660905
244660931
244660961
244660967
244660996
244660997
24466375
244670026
244670040
244670043
244670062
244670063
244670072
244670074
244670077
244670078
244670079
244670084
244670086
244670087
244670098
244670101
244670102
244670103
244670106
244670107
244670108
244670109
244670112
244670113
244670122
244670155
244670166
244670171
244670175
244670267
244670274
244670293
244670307
244670357
244670385
244670391
244670399
244670401
244670404
244670408
244670437
244670460
244670500
244670549
244670563
244670564
244670566
244670588
244670596
244670664
244670670
244670681
244670745
244670753
244670768
244670774
244670789
244670797
244670806
244670809
244670820
244670881
244670915
244670932
244670997
244670998
244670999
244678000
244690001
244690002
244690015
244690019
244690027
244690030
244690071
244690186
244690212
244690295
244690316
244690328
244690362
244690375
244690405
244690429
244690454
244690455
244690485
244690571
244690604
244690611
244690646
244690652
244690666
244690707
244690747
244690847
244690859
244690898
244690902
244690915
244690988
244690990
244692000
244699000
244700046
244700059
244700123
244700124
244700125
244700126
244700127
244700144
244700196
244700203
244700295
244700364
244700365
244700378
244700398
244700422
244700427
244700500
244700519
244700532
244700533
244700534
244700537
244700632
244700680
244700688
244700689
244700690
244700715
244700718
244700726
244700727
244700749
244700763
244700771
244700798
244700816
244700830
244700837
244700850
244700855
244700884
244700897
244700905
244700908
244700972
244700985
244700987
244700991
244708000
244710018
244710034
244710051
244710114
244710116
244710118
244710126
244710139
244710157
244710182
244710186
244710207
244710250
244710257
244710340
244710352
244710367
244710406
244710450
244710457
244710475
244710517
244710653
244710659
244710693
244710702
244710703
244710708
244710710
244710731
244710740
244710763
244710797
244710817
244710825
244710846
244710864
244710865
244710874
244710879
244710882
244710890
244710896
244710899
244710903
244710939
244711426
244727000
244730020
244730045
244730048
244730125
244730150
244730205
244730376
244730470
244730531
244730862
244730890
244730927
244730961
244730986
244740052
244740200
244740334
244740347
244740404
244740452
244740484
244740491
244740646
244740657
244740681
244740742
244740814
244740873
244740913
244750018
244750030
244750116
244750117
244750119
244750160
244750217
244750254
244750275
244750341
244750350
244750356
244750390
244750482
244750494
244750495
244750587
244750616
244750685
244750690
244750692
244750739
244750786
244750831
244750947
244757000
244758000
244765000
244770199
244770266
244770339
244770340
244770390
244770618
244770727
244770796
244770805
244770838
244770997
244772000
244780077
244780264
244780283
244780327
244780346
244780366
244780373
244780375
244780380
244780435
244780466
244780514
244780552
244780576
244780737
244780739
244780783
244780876
244780962
244787000
244790079
244790091
244790272
244790319
244790369
244790427
244790535
244790610
244790679
244790972
244790985
244795000
244797000
244805000
244810083
244810665
244810692
244817000
244820056
244820145
244820146
244820165
244820200
244820227
244820278
244820300
244820404
244820431
244820548
244820641
244825000
244830185
244830512
244830741
244912000
244964000
244974000
244980000
245010000
245039000
245059000
245073000
245085000
245098000
245116000
245136000
245157000
245179000
245188000
245207000
245209000
245228000
245232000
245260000
245282000
245332000
245349000
245351000
245354000
245381000
245405000
245418000
245448000
245470000
245476000
245479000
245488000
245494000
245505000
245516000
245518000
245539000
245562000
245569000
245580000
245585000
245593000
245601000
245605000
245617000
245618000
245670000
245679000
245681000
245685000
245711000
245724000
245730000
245732000
245781000
245834000
245866000
245883000
245906000
245907000
245931000
245999160
245999170
245999190
245999300
246024000
246026000
246027000
246039000
246046000
246096000
246128000
246132000
246137000
246152000
246172000
246174000
246187000
246198000
246211000
246211100
246213000
246230000
246255000
246272000
246300000
246301000
246316000
246333000
246345000
246350000
246366000
246381000
246401000
246411000
246426000
246437000
246478000
246514000
246526000
246536000
246537000
246538000
246540001
246546000
246578000
246580000
246587000
246620000
246636000
246650000
246656000
246657000
246710000
246777000
246807000
246836000
246872000
246873000
246883000
246895000
246901005
246918000
247005000
247006000
247007000
247090600
247102500
247272900
247276500
247278000
247295400
247341100
247469000
247590000
247817000
248367000
248463000
249040000
249486000
249520000
249803000
2500
250000817
251244110
251495110
253008000
253034000
253077000
253093000
253098000
253124000
253296000
253415000
253416000
253417000
253418000
253447000
253449000
253477000
253495000
255805561
255805570
255805591
255838000
256281000
256396000
25654025
256541000
256559000
256639000
256713000
256754001
256754002
256754003
256758000
256759000
256787000
256788000
256792000
256793000
256996000
257015700
257022700
257022800
257062400
257097500
257114400
257144700
257165800
257191020
257210000
257256400
257257000
257287000
257296400
257303420
257349400
257385000
257534600
257559000
257629000
257800500
257825500
258009500
258062500
258088000
258091000
258220500
258223000
258242500
258271000
258293000
258315000
258328500
258352500
258416000
258424000
258505000
258841000
258844000
258858000
258867000
258931001
258931002
259083000
259188000
259216000
259222000
259280000
259360000
259386000
259417000
259419000
259468000
259577000
259593000
259674000
259677000
259768000
259826000
261010910
261015170
261199000
261525000
263602556
263629144
263701294
263701890
263701940
263701950
263701960
263864256
264162398
264402010
264402017
265000000
265004000
265200587
265200588
265285000
265410000
265501910
265509710
265509950
265513810
265514130
265522210
265522220
265522230
265522240
265547210
265547260
265549760
265577480
265610040
265610960
265628650
265650970
265785000
265866000
265871000
265882000
265951000
266017000
266037000
266192000
266310000
266420000
26647116
268
268268268
269056851
269057154
269057234
269057316
269057336
269057360
269057368
269057472
271000538
271000539
271000683
271000733
271000734
271000743
271000975
271001023
271002492
271002493
271002499
271002502
271002520
271002533
271010204
271010351
271040197
271040319
271041607
271042529
271043394
271056001
272000000
272111111
272121500
272319000
272888300
273000000
273000001
273000002
273000003
273000005
273111111
273123456
273324600
273325350
273326250
273331750
273345290
273350680
273354210
273380700
273452600
273457420
273556666
273999999
275357000
276415000
276519000
276672000
276696000
276747000
276780000
276813000
291838374
297417668
3
300000000
303279000
303667000
304010514
304010515
304010688
304010877
304020821
304158000
304159000
304246000
304271000
304422000
304473000
304588000
304616000
304716000
304816000
304824000
304909000
304922000
304953000
304970000
304975000
305066000
305131000
305164000
305171000
305174000
305203000
305279000
305355000
305360000
305412000
305479000
305497000
305530000
305622000
305648000
305654000
305735000
305760000
305773000
305837000
305845000
305883000
305907000
305919000
305966000
305978000
305983000
306009000
306043000
306084000
306762000
308025000
308512000
308693000
308701000
308705000
308851000
309272000
309467000
309742000
310361000
310413000
310473000
310529000
311000046
311000092
311000112
311000164
311000165
311010600
311014600
311023500
311025600
311026500
311028700
311052300
311062900
311063300
311064400
311071600
311104000
311117000
311187279
311502000
311601000
311655000
311753000
311934000
311935000
311962000
312047000
312288000
312391000
312432000
312613000
312786000
312906000
316001234
316001238
316001245
316001247
316001248
316001249
316001251
316001252
316001255
316001257
316001262
316001266
316001267
316001269
316001295
316001796
316002059
316003123
316003289
316003677
316005622
316005713
316005728
316009547
316009712
316009747
316011408
316011409
316011461
316011515
316012053
316012774
316012880
316013007
316014040
316014621
316015121
316018851
316019244
316020871
316022036
319002601
319002602
319002603
319005600
319013500
319022200
319027300
319036000
319054600
319058000
319068100
319072600
319249000
319264000
319301000
319349000
319713002
319732000
319819000
319855000
319904000
319936000
320855576
321123321
321234500
321456789
321456987
325823127
329003100
33029006
330973130
33161218
333000340
333333333
3361806
338124562
338139461
338140928
338141016
338141018
338419712
338517000
338564000
338922000
339000064
339300490
339377000
339396000
341213000
341504000
341728000
341787000
345000000
345030007
345040019
345050002
345070074
345070129
345070404
345070708
345071936
345140500
345160013
345861671
347001901
347001903
351041000
351355000
351409000
351593000
351694000
351713000
351800000
351801000
351849000
351897000
351915000
351923000
352018000
352055000
352104000
352134000
352151000
352241000
352286000
352347000
352360000
352367000
352407000
352622000
352669000
352725000
352775000
352797001
352814000
353160000
353183000
353446000
353728000
353912000
353968000
353983000
354200000
354292000
354333000
354361000
354486000
354636000
354756000
354921000
354931000
354934000
354942000
355174000
355194000
355233000
355313000
355379000
355385000
355397000
355497000
355635000
355647000
355722000
355869000
355911001
355911002
355911003
355928000
355970000
356006000
356027000
356116000
356187000
356249000
356353000
356376000
356642000
356696000
356777000
356986000
357000000
357026000
357154000
357181000
357203000
357255000
357260000
357330000
357385000
357555000
357562000
357572608
357632000
357736000
357783000
357902000
357932000
357942000
359391232
362029000
362063000
362064000
362592528
365864783
365961216
365961219
366381648
366686185
366709770
366709780
366710810
366749710
366759130
366759530
366767140
366772960
366772980
366772990
366773050
366773060
366773090
366773110
366793000
366804030
366812330
366816256
366816340
366826940
366828000
366855937
366863870
366900670
366941870
366952790
366952890
366961890
366972620
366977450
366981080
366996360
366996430
366996620
367000140
367001000
367003890
367004120
367004240
367009430
367010060
367014190
367024625
367024990
367026710
367028860
367037750
367060190
367061930
367071320
367101920
367102450
367110910
367113429
367120230
367120385
367120489
367132672
367133160
367145680
367145870
367154120
367162020
367162940
367300280
367309120
367309280
367309860
367309910
367335830
367340680
367342230
367355240
367365210
367373850
367388450
367389230
367393280
367398915
367398931
367400420
367402530
367402920
367424310
367426830
367448270
367449050
367456771
367456923
367461377
367463060
367467170
367488490
367512530
367514520
367521610
367533059
367533191
367558659
367568460
367581960
367584740
367586130
367589000
367598440
367599248
367628660
367633410
367644460
367864000
368470000
368680000
369500000
369970444
369970445
370001000
370045000
370130000
370172000
370262000
370273000
370343000
370346000
370392000
370441000
370486000
370491000
370505000
370506000
370507000
370511000
370515000
370522000
370583000
370625000
370679808
370681000
370755000
370763000
370777000
370801000
371053000
371059000
371089000
371140000
371398000
371401000
371453000
371614000
371633000
371673000
371710000
371830000
371897000
371910000
371932000
372011000
372079000
372118000
372328000
372409000
372412000
372417000
372464000
372478000
372579000
372696000
372731000
372798000
372825000
372930000
373105000
373123000
373130000
373223000
373255000
373257000
373322000
373408000
373490000
373534000
373615000
373647000
373650000
373779000
373819000
373880000
373967000
373972000
375133000
375446000
375508000
375616000
375632000
375819000
375838000
375879000
375891000
375933001
375933003
376091000
376309000
376566000
376606000
37717511
377311000
377561000
377901021
377901039
377912000
378535939
398589952
4
400000000
400556157
403000000
403010000
403040000
403125000
403700310
403701610
403702210
403702810
405000099
407573528
408718000
410000000
412000000
412000001
412000003
412000005
412000008
412000009
412000020
412000030
412000040
412000088
412002190
412002440
412006899
412011080
412018420
412018430
412030000
412031040
412031050
412031260
412035150
412036030
412036170
412040210
412040340
412043550
412044103
412047126
412047340
412047530
412047540
412050730
412070130
412078000
412097150
412100000
412111111
412123456
412158000
412164000
412203250
412204730
412206850
412208030
412208660
412208790
412222222
412271440
412275000
412300000
412300004
412301890
412303030
412303490
412320033
412320320
412322323
412324188
412324222
412324610
412328990
412329684
412330055
412330830
412330930
412331000
412331035
412333333
412342000
412345678
412354250
412355130
412355550
412356789
412356950
412358109
412361420
412365478
412370632
412373830
412375910
412376470
412377310
412400000
412400155
412400290
412401480
412402850
412404790
412412412
412412444
412413311
412413353
412417180
412418140
412419750
412420197
412420502
412420715
412421701
412424910
412428748
412431660
412432280
412433333
412434390
412436760
412437230
412438180
412438615
412438724
412438742
412446910
412446920
412448626
412450000
412450287
412456789
412459420
412459510
412460330
412460850
412460880
412460960
412462270
412464160
412464910
412467980
412468000
412468180
412469620
412470050
412470240
412470450
412472440
412473850
412474720
412499000
412522230
412555555
412555558
412555888
412560000
412565655
412568888
412588888
412596112
412596777
412596866
412596888
412596889
412596999
412657000
412666666
412702970
412703420
412703820
412703930
412750140
412751470
412753760
412760760
412760990
412762010
412764180
412764290
412765000
412778000
412876000
412882000
412888887
412888888
412900000
412997000
412999999
413000000
413000001
413000005
413000008
413002887
413005678
413015060
413018050
413018070
413021110
413024560
413024610
413045240
413056000
413081520
413100000
413123456
413126000
413134000
413141000
413151000
413184000
413186000
413192939
413200650
413202750
413221000
413222000
413249000
413255000
413258693
413270290
413271050
413271610
413300000
413303020
413304270
413306760
413323640
413324000
413324230
413324750
413324780
413331000
413333333
413350000
413350680
413351030
413351670
413357230
413358020
413358220
413358370
413359580
413360000
413361020
413361780
413361920
413362810
413370550
413370560
413371160
413371950
413372150
413372490
413373280
413374010
413374160
413375150
413376560
413376610
413376710
413400210
413400680
413403210
413406140
413409010
413409640
413413413
413416860
413418060
413418180
413420690
413421930
413421940
413424240
413425440
413425560
413426160
413432090
413433020
413433180
413433910
413435120
413436580
413436680
413436790
413438570
413439550
413439660
413440240
413440830
413441060
413441110
413441490
413441860
413442170
413443430
413443470
413443930
413446080
413446910
413447910
413448350
413448910
413451770
413452520
413452750
413455150
413456789
413461550
413462110
413464610
413465680
413466740
413467040
413468000
413469150
413470430
413470550
413471030
413471220
413473110
413473180
413473190
413473210
413473920
413474470
413474540
413479470
413503620
413506210
413550320
413553890
413554350
413554960
413564000
413567890
413574000
413591740
413591750
413591810
413592440
413592590
413615000
413653000
413666661
413666666
413666888
413676000
413678000
413692360
413692820
413693170
413693190
413694640
413694670
413694940
413695150
413695170
413695250
413695360
413695420
413695890
413696010
413696150
413696390
413697110
413698170
413700000
413733072
413760000
413761000
413761423
413761425
413763886
413770326
413772681
413774000
413774502
413775000
413777000
413777777
413780000
413781898
413787888
413788273
413792966
413800000
413800067
413804648
413810612
413812104
413816895
413819241
413820636
413820641
413821718
413822010
413822011
413823658
413823901
413826059
413827085
413827188
413827432
413854000
413855757
413856794
413888826
413888888
413900000
413900088
413900349
413900376
413900566
413900892
413904358
413905228
413914000
413930711
413935786
413937000
413940589
413940831
413942000
413960165
413961142
413974000
413975326
413980000
413999999
414006000
414038000
414095000
414130000
414193000
414721000
414735000
415000000
416000000
416241500
4163400
416450000
417222324
417222957
419000000
419000001
419000101
419000185
419000409
419000411
419058300
419555000
420000003
422000000
422227000
422856000
423456789
428000502
431000001
431000008
431000038
431000124
431000131
431000136
431000147
431000156
431000175
431000193
431000223
431000236
431000243
431000259
431000261
431000275
431000293
431000294
431000301
431000306
431000309
431000325
431000332
431000336
431000368
431000412
431000457
431000458
431000477
431000478
431000487
431000498
431000526
431000528
431000563
431000592
431000594
431000598
431000605
431000628
431000639
431000659
431000661
431000678
431000689
431000692
431000742
431000792
431000795
431000818
431000826
431000836
431000841
431000846
431000847
431000848
431000859
431000864
431000892
431000894
431000915
431000932
431000951
431000962
431000963
431000972
431000985
431000991
431000995
431001006
431001029
431001046
431001049
431001051
431001061
431001104
431001125
431001216
431001387
431001536
431001602
431001757
431001826
431001837
431002022
431002066
431002068
431002092
431002093
431002273
431002283
431002489
431002504
431002508
431002595
431002607
431002799
431002865
431002923
431002971
431003009
431003032
431003033
431003061
431003074
431003089
431003158
431003203
431003246
431003256
431003277
431003344
431003355
431003364
431003365
431003385
431003481
431003537
431003614
431003616
431003651
431003726
431003739
431003801
431004009
431004011
431004027
431004059
431004067
431004083
431004146
431004228
431004315
431004325
431004351
431004359
431004377
431004426
431004494
431004506
431004555
431004588
431004606
431004611
431004622
431004632
431004653
431004713
431004777
431004901
431004911
431004957
431004994
431005016
431005054
431005083
431005104
431005107
431005138
431005149
431005164
431005219
431005241
431005286
431005338
431005527
431005643
431005668
431005691
431005884
431005885
431100005
431100022
431100033
431100042
431100109
431100146
431100182
431100239
431100272
431100284
431100325
431100332
431100348
431100372
431100403
431100408
431100477
431100522
431100549
431100682
431100840
431100843
431100849
431100859
431100922
431100923
431100945
431100955
431100957
431100966
431100967
431101045
431101046
431101065
431101108
431101119
431101145
431101149
431101161
431101164
431101165
431125000
431200143
431200187
431200271
431200516
431200647
431200681
431200683
431200693
431281000
431300084
431300131
431300159
431300221
431300334
431300341
431300346
431300414
431300582
431300697
431300705
431300762
431300775
431300791
431300888
431301103
431301191
431301213
431301245
431301434
431301453
431301547
431301565
431301595
431301604
431301606
431301616
431301631
431301639
431301648
431301658
431301674
431301679
431301684
431301698
431301747
431301752
431301759
431301796
431336000
431400004
431400035
431400046
431400048
431400115
431400179
431400181
431400211
431400282
431400378
431400386
431400421
431400422
431400468
431400476
431400487
431400494
431400515
431400523
431400593
431400631
431400685
431400732
431400769
431400833
431400901
431400924
431401103
431401715
431401796
431401837
431401857
431401877
431401879
431401883
431401953
431401962
431401968
431401969
431401978
431401999
431402031
431402034
431402036
431402037
431402042
431402056
431402072
431500011
431500018
431500021
431500058
431500117
431500186
431500189
431500199
431500272
431500344
431500352
431500366
431500392
431500394
431500395
431500448
431500462
431500526
431500532
431500535
431500572
431500599
431500615
431500658
431500744
431500789
431500829
431501083
431501275
431501293
431501479
431501487
431501613
431501632
431501643
431501644
431501653
431501662
431501666
431501678
431501684
431501685
431501706
431501709
431501711
431501712
431501732
431501735
431501736
431501743
431501744
431501746
431501749
431501764
431501792
431501797
431501801
431501813
431501838
431501855
431501856
431501865
431501867
431600362
431600411
431600462
431600477
431600499
431600621
431600641
431600768
431600848
431600932
431601033
431601219
431601235
431601394
431601615
431601677
431601949
431602031
431602058
431602076
431602111
431602131
431602142
431602174
431602206
431602232
431602283
431602319
431602345
431680176
431680212
431700169
431700423
431704490
431773000
431800289
431800389
431800401
431800677
431800699
431912000
432340000
432341000
432440000
432528000
432625000
432716000
432758000
432759000
432812000
432925000
432996000
440000000
440000001
440011630
440040000
440067000
440104860
440104910
440105000
440105540
440107000
440107360
440108990
440111111
440111140
440113180
440119000
440119260
440121000
440147360
440152000
440156000
440181000
440185000
440232000
440245000
440249000
440258000
440305430
440321070
440340000
440400170
440473000
440773000
440787000
440999999
441072000
441163000
441178000
441251000
441613000
441717000
441782000
441828000
441875000
441978000
442000012
442000074
444444444
44790153
4550902
456321000
45663000
456789999
457602000
457900002
457900024
457900040
457900042
457900060
466000000
466204000
466205000
470000000
470000001
470000348
470100001
470250000
470281000
470383000
470415000
470457000
470565000
470566000
470573000
470717000
470743000
470826000
470903000
470919000
477012000
477026000
477031000
477032000
477033000
477034000
477037000
477038000
477039000
477041000
477056200
477056300
477064000
477070100
477072000
477074000
477079500
477092000
477174800
477182600
477197200
477197300
477197400
477197500
477207600
477222900
477303000
477304000
477320600
477320700
477324000
477334300
477340100
477356000
477357000
477384000
477385000
477424600
477502000
477509000
477525000
477545000
477559700
477607800
477655200
477682900
477729000
477767500
477776100
477816000
477841000
477937100
477937200
477937300
477937400
477937500
477937600
477937700
477937800
477937900
477958100
477959700
477995031
477995052
477995060
479126234
484696190
486014978
486015102
5
502521858
503000000
503006464
503006466
503006520
503006522
503006650
503007660
503162600
503320900
503338000
503352700
503387400
503419000
503500700
503506000
503542400
503575300
503575400
503575500
503575600
503575700
503575800
503575900
503576100
503576200
503576300
503576400
503576500
503576600
503576700
503576800
503576900
503577100
503577200
503586200
503595000
503602000
503603000
503604000
503605000
503607000
503615300
503616300
503620600
503622800
503645300
503666100
503678900
503679200
503680900
503701100
503726000
503738300
503745700
503758000
503759000
503760000
503793700
512000532
51255292
51301808
513807845
514170000
514468000
515200000
515967000
517394555
518273000
525000000
525000002
525001104
525001105
525002062
525002063
525003109
525005010
525005014
525005017
525010000
525015903
525015932
525019003
525019019
525019103
525019228
525019522
525021315
525022300
525123456
5251537
52753565
52816081
529304000
533569000
533875000
533966101
538002953
538003218
538003345
538003835
538003868
538003879
538003938
538003976
538004029
538004056
538004241
538004311
538004589
538004591
538004743
538004758
538004775
538004945
538005062
538005073
538005121
538005202
538005293
538005315
538005346
538005442
538005495
538055106
538070191
538070316
538070485
538070921
538070967
548000000
553111692
553456789
555555555
56
563012720
563017250
563069000
563496000
563621000
563754000
563802000
563925000
563975000
564011134
564081001
564218000
564305000
564328000
564388000
564407000
564541000
564681000
564721000
564785000
564789000
564915000
564919000
565000000
565053000
565110000
565222000
565337000
565435000
565508000
565725000
565769000
565969000
566073000
566610000
566915000
567000000
567001410
567010000
567064200
567191698
567483000
568888888
570444000
576131000
576249000
576290000
576564000
60
600000000
600003200
600012239
600012624
600012923
601339000
601601601
613123456
616980000
622123000
623456789
623615654
634299367
634299369
636007699
636009832
636012706
636012804
636012906
636013800
636013850
636014169
636014588
636015004
636015180
636015181
636015187
636015205
636015464
636015505
636015611
636015795
636015859
636016199
636016239
636016699
636090329
636090861
636091030
636091090
636091353
636091407
636091433
636091480
636091488
636091507
636091763
636091854
636092017
636092164
636092197
636092345
636092412
636092560
645147000
6459021
6459022
6459024
657011002
657011006
657123456
657523000
657716000
657901000
658765027
6645040
666000001
6666
666666666
667854750
667854751
671403000
671496000
677011200
677019500
677019800
677028200
677030500
677036900
677056100
679
686868686
688888888
693610758
7
700000000
701000648
701000880
701006018
701006034
701006244
701006331
701007014
701547000
704643072
710000000
710000001
710000009
710000115
710000450
710000869
710001290
710001520
710005450
710006930
7100079
710012740
710012990
710013210
710999999
711811067
725000390
725000394
725000652
725002020
725002060
725003670
730000000
730044000
730049000
730085000
730151014
735059022
755000000
755021000
755123456
755402403
755999782
770576009
770576117
770576122
770576186
770576220
770576262
770576272
770576278
770576282
770576328
7732054
775000000
775090000
775505000
775996180
775996425
775996461
775996471
775996501
775996504
777000002
777777777
786434
789789789
799999999
8
800000000
8072781
808464432
808464456
808464464
808464480
808464488
808464496
808663857
808663912
808664168
811475070
867680460
876543210
8888
88888
888888
888888888
888888889
888888999
897898896
9
900000000
900000008
900000009
900022832
900200001
909836668
910060668
914091298
920101116
925171828
961118000
987654321
999000000
999000009
999123456
9999
999999111
999999222
9999999
99999999
999999990
999999991
999999998
999999999