0
1
10
10000000
100000000
100000001
100010001
1002058441
1002058442
1002058443
1002058444
1002058445
1002058446
100833717
100900000
100912345
1042432
1057751040
107374182
1073741823
10903843
11
110000000
111000000
111100000
111111000
11111111
111111110
111111111
111111112
111111113
111222333
114
1193046
1193047
123
123123123
123456
12345678
123456788
123456789
123456790
128639607
13790138
166296813
168
168168168
17043521
1712
177313816
17739082
17835812
17971867
18976437
1942
19831792
2
200
200000000
200000001
200015235
20080315
200804300
201006210
201204131
201208170
201211180
201505191
202020200
205008600
205051000
205114000
205161000
205175000
205188000
205193000
205194684
205205217
205212390
205215000
205218100
205227090
205233000
205247700
205290000
205300690
205301290
205335490
205338490
205347300
205353090
205356700
205360290
205361390
205364790
205364990
205369890
205370590
205372490
205381890
205384395
205388990
205390790
205391990
205393190
205394490
205401290
205415000
205419690
205423290
205430790
205435990
205439290
205439790
205451000
205451790
205452690
205457590
205466590
205474290
205477290
205479090
205479890
205481290
205490890
205491290
205492290
205493090
205495690
205502390
205505990
205508590
205509000
205521690
205521990
205523290
205524000
205525390
205526390
205528890
205528990
205529390
205530290
205531119
205553000
205557000
205594000
205644000
205687000
208720880
209106000
209115000
209126000
209138000
209141000
209350000
209355000
209361000
209380000
209440000
209506000
209627000
209629000
209724000
209792000
209840000
209850000
209901000
209937000
210008000
210035000
210050000
210122000
210130000
210167000
210169000
210207000
210248000
210351000
210605000
210621000
210716000
210720000
210774000
210842000
211000000
211001940
211002010
211024029
211112870
211115000
211130000
211141000
211149890
211151080
211163700
211168930
211177620
211178250
211180550
211180740
211180750
211184660
211187040
211188220
211194030
211202770
211205180
211207100
211207760
211208350
211214670
211216151
211218810
211224560
211226550
211226860
211227410
211228200
211233270
211233510
211234440
211234480
211235880
211242850
211242880
211247120
211257820
211260260
211263850
211265530
211265900
211268070
211280810
211281010
211284230
211286440
211288480
211298250
211305290
211315100
211315860
211316150
211317590
211318600
211327660
211363720
211365950
211365960
211366340
211367950
211372620
211383980
211419138
211431270
211436040
211436370
211437160
211437180
211437190
211437240
211437250
211437260
211437280
211437290
211437300
211437320
211437330
211437340
211437470
211441990
211442010
211462080
211468560
211471070
211471880
211472160
211472760
211479088
211484674
211490610
211496390
211496510
21149960
211500770
211510910
211511420
211511770
211511860
211511900
211511920
211511950
211512000
211512320
211512370
211512430
211512520
211513110
211513820
211514600
211515040
211515230
211517600
211519720
211519730
211521080
211523800
211525220
211527950
211527970
211527980
211530930
211532590
211537960
211539790
211539800
211544210
211546160
211546580
211549530
211555980
211557540
211587750
211588680
211589740
211589990
211590150
211590310
211590640
211591180
211592170
211602130
211611680
211623180
211625340
211625350
211625490
211626350
211639300
211643790
211649550
211664100
211664570
211666330
211667590
211667760
211676580
211676590
211680230
211684020
211696800
211699930
211703040
211703410
211706350
211809000
211845000
211855000
211876000
212008000
212018000
212037000
212058000
212112000
212179000
212190000
212220000
212227000
212259000
212357000
212368000
212396000
212400000
212427000
212537000
212561000
212605000
212675000
212706000
212723000
212746000
212891000
212935000
2132200
213777000
214181207
214182108
215013000
21526690
215351000
215357000
215740000
215795000
215870000
215939000
215940000
215942000
215964000
218044000
218098000
218197000
218272000
218321000
218767000
218808000
219083000
219084000
219119000
219292000
219318000
219458000
219560000
219732000
219825000
219905000
220229000
220284000
220464000
222000000
222222220
222222222
223456789
224005890
224040140
224117450
224121250
224127820
224195530
224231000
224232000
224239000
224337000
224358583
224624000
224704000
224718000
224882000
224898000
225419000
225428000
226000000
226318000
226338000
227000000
227006710
227006750
227010940
227011500
227022800
227023100
227023300
227152000
227222000
227273000
227286000
227289000
227303000
227364620
227382000
227397840
2278000
228006800
228008603
228018600
228022900
228061800
228085000
228237700
228244700
228263700
228293600
228293700
228330901
228331601
228798000
229004000
229061000
229095000
229097000
229222000
229227000
229294000
229295000
229398000
229435000
229437000
229530000
229634000
229688000
229707001
229707002
229707003
229801000
229802000
229876000
229877000
229881000
229885002
22991925
230006000
230007000
230012280
230046990
230111690
230112970
230145000
230181000
230184000
230308886
230309827
230309828
230309829
230309830
230339000
230361000
230617000
230618000
230622000
230628000
230632000
230636000
230649000
230652000
230653000
230657000
230917000
230941840
230948000
230956000
230957000
230965000
230981000
230982000
230984000
230985000
230987000
230992710
230992950
230994000
230995000
231257000
231647317
232001040
232001060
232001470
232002712
232002833
232002939
232003081
232003121
232003387
232004598
232004783
232004784
232060000
232626000
232698001
232712000
233009000
23303610
233150000
233234000
233638000
234448000
234781000
235000005
235001756
235001770
235001800
235002514
235004391
235006680
235008564
235009590
235010450
235010500
235011240
235011610
235012119
235018872
235022611
235025323
235028825
235028893
235050371
235053088
235055752
235058584
235059487
235059700
235060356
235066012
235067955
235068328
235068406
235069875
235069877
235070418
235070762
235072757
235073887
235074416
235075466
235076195
235080023
235080274
235080729
235081661
235082716
235082717
235083344
235083476
235084120
235084121
235084702
235085534
235085564
235088195
235090189
235095162
235095629
235095774
235096892
235099969
235099970
235100538
235101105
235102027
235103397
235103398
235103431
235104362
235104964
235106475
235108268
235110913
235113128
235113374
235113663
235480000
235707000
235900006
236262000
236343000
236364000
236465000
236471000
236481000
236570000
236603000
236650000
237201853
237313152
237673410
237827000
238123456
238160000
239896600
239936001
240273000
240389000
240671001
240672000
241087000
241136000
241159000
241246000
241380000
241401000
241507456
242000000
242400000
2424131
242904000
243042317
243990530
244000000
244010030
244010042
244010082
244010190
244010219
244010352
244010489
244010517
244010526
244010573
244010716
244010723
244010724
244010770
244010773
244010774
244010887
244010955
244011000
244020033
244020139
244020144
244020258
244020362
244020463
244020488
244020589
244020684
244020692
244020757
244020876
244020916
244020943
244030099
244030247
244030421
244030516
244030575
244030715
244030798
244041000
244050207
244050426
244050469
244050847
244060306
244060815
244060858
244060875
244060924
244061000
244070156
244070253
244070288
244070301
244070846
244070903
244070991
244074000
244084683
244085000
244090200
244090417
244090901
244100001
244100055
244100223
244100731
244110836
244118000
244123000
244128000
244148000
244153000
244186000
244190000
244216000
244250811
244257000
244274000
244275000
244281000
244287000
244309000
244326000
244353000
244371000
244394000
244413000
244453016
244453047
244469000
244521000
244528000
244536000
244538000
244543001
244583000
244596000
244603000
244615067
244615283
244615634
244615748
244615774
244615886
244615899
244615933
244615934
244618000
244619000
244620046
244620052
244620087
244620173
244620196
244620207
244620321
244620511
244620542
244620567
244620628
244620698
244620701
244620737
244620782
244620835
244620839
244620869
244620875
244620876
244620890
244620933
244620934
244620935
244620936
244620937
244620938
244620939
244620940
244620941
244620945
244620946
244620947
244620952
244620953
244620954
244620955
244620958
244620959
244620961
244620962
244620963
244620964
244620965
244620966
244620968
244620972
244620973
244620979
244620980
244620984
244620986
244620990
244629001
244630007
244630019
244630024
244630026
244630028
244630034
244630036
244630038
244630043
244630051
244630052
244630070
244630096
244630100
244630110
244630113
244630141
244630150
244630169
244630184
244630192
244630233
244630251
244630353
244630393
244630402
244630427
244630439
244630533
244630534
244630605
244630606
244630651
244630657
244630697
244630706
244630718
244630720
244630750
244630797
244630814
244630816
244630916
244645890
244650105
244650228
244650236
244650312
244650323
244650324
244650367
244650467
244650475
244650489
244650495
244650521
244650537
244650553
244650575
244650588
244650593
244650603
244650607
244650611
244650618
244650632
244650678
244650690
244650709
244650721
244650737
244650739
244650747
244650752
244650753
244650754
244650760
244650790
244650794
244650802
244650803
244650806
244650807
244650810
244650822
244650824
244650826
244650830
244650832
244650833
244650836
244650838
244650853
244650860
244650878
244650879
244650883
244650905
244650917
244650920
244650922
244650928
244650934
244650942
244650951
244650960
244650965
244650969
244650970
244650985
244650986
244650988
244650990
244650992
244650993
244650997
244660004
244660011
244660024
244660032
244660033
244660052
244660054
244660057
244660067
244660075
244660083
244660086
244660087
244660105
244660107
244660111
244660113
244660114
244660117
244660118
244660136
244660152
244660158
244660159
244660167
244660169
244660172
244660186
244660194
244660214
244660222
244660223
244660224
244660229
244660233
244660245
244660252
244660264
244660265
244660290
244660292
244660298
244660302
244660303
244660305
244660306
244660312
244660317
244660318
244660320
244660328
244660337
244660339
244660341
244660343
244660351
244660356
244660361
244660374
244660375
244660377
244660379
244660384
244660390
244660392
244660395
244660397
244660400
244660402
244660408
244660409
244660412
244660413
244660414
244660416
244660417
244660418
244660419
244660423
244660434
244660438
244660439
244660441
244660442
244660449
244660474
244660475
244660480
244660483
244660498
244660518
244660519
244660520
244660530
244660532
244660536
244660542
244660545
244660546
244660554
244660555
244660558
244660562
244660565
244660566
244660569
244660570
244660571
244660584
244660587
244660594
244660602
244660604
244660611
244660616
244660618
244660620
244660621
244660624
244660626
244660627
244660629
244660638
244660639
244660644
244660646
244660648
244660649
244660653
244660655
244660656
244660657
244660663
244660675
244660676
244660705
244660713
244660715
244660720
244660725
244660726
244660729
244660735
244660745
244660746
244660747
244660765
244660778
244660791
244660806
244660811
244660812
244660815
244660819
244660821
244660822
244660825
244660830
244660831
244660834
244660841
244660842
244660843
244660862
244660874
244660875
244660878
244660879
244660891
244660896
244660898
244660899
244660902
244660905
244660906
244660908
244660919
244660926
244660930
244660931
244660937
244660944
244660951
244660952
244660960
244660961
244660962
244660967
244660996
244660997
244670016
244670018
244670022
244670025
244670030
244670040
244670043
244670044
244670048
244670062
244670063
244670064
244670072
244670074
244670077
244670078
244670079
244670084
244670086
244670087
244670089
244670090
244670094
244670096
244670098
244670100
244670101
244670102
244670103
244670104
244670106
244670107
244670108
244670109
244670112
244670113
244670114
244670119
244670122
244670124
244670126
244670138
244670140
244670168
244670171
244670175
244670176
244670190
244670194
244670209
244670220
244670229
244670246
244670258
244670266
244670267
244670274
244670280
244670282
244670290
244670291
244670293
244670295
244670300
244670312
244670332
244670333
244670342
244670356
244670357
244670358
244670362
244670377
244670385
244670391
244670394
244670398
244670401
244670403
244670404
244670408
244670421
244670434
244670439
244670448
244670454
244670460
244670466
244670494
244670495
244670500
244670521
244670522
244670536
244670538
244670549
244670563
244670564
244670566
244670576
244670588
244670596
244670609
244670621
244670638
244670648
244670658
244670664
244670669
244670671
244670673
244670674
244670697
244670723
244670725
244670734
244670741
244670742
244670745
244670768
244670774
244670777
244670789
244670836
244670845
244670857
244670865
244670869
244670871
244670881
244670918
244670923
244670932
244670957
244670973
244670985
244670989
244670998
244670999
244673000
244690002
244690030
244690066
244690078
244690110
244690155
244690168
244690180
244690212
244690214
244690223
244690224
244690254
244690281
244690301
244690316
244690318
244690328
244690330
244690333
244690345
244690352
244690361
244690362
244690375
244690405
244690411
244690429
244690454
244690455
244690468
244690475
244690482
244690485
244690490
244690543
244690554
244690557
244690563
244690564
244690604
244690611
244690612
244690643
244690646
244690660
244690672
244690697
244690747
244690750
244690839
244690843
244690859
244690901
244690908
244690915
244690926
244690970
244690971
244690990
244690991
244690994
244692000
244699000
244700009
244700010
244700025
244700043
244700046
244700059
244700117
244700122
244700123
244700125
244700126
244700127
244700130
244700131
244700143
244700144
244700194
244700203
244700236
244700271
244700277
244700287
244700288
244700312
244700318
244700320
244700326
244700365
244700374
244700400
244700427
244700448
244700466
244700467
244700470
244700493
244700495
244700498
244700500
244700501
244700504
244700510
244700519
244700521
244700532
244700533
244700534
244700535
244700537
244700577
244700603
244700611
244700616
244700638
244700639
244700644
244700650
244700651
244700668
244700680
244700688
244700689
244700690
244700714
244700715
244700721
244700736
244700757
244700760
244700763
244700771
244700773
244700794
244700797
244700798
244700816
244700830
244700837
244700842
244700850
244700853
244700884
244700896
244700897
244700930
244700938
244700948
244700953
244700957
244700985
244700986
244700987
244700991
244710018
244710038
244710042
244710051
244710114
244710116
244710118
244710126
244710135
244710137
244710139
244710140
244710157
244710173
244710182
244710207
244710225
244710229
244710230
244710254
244710256
244710257
244710286
244710315
244710316
244710340
244710352
244710357
244710367
244710390
244710402
244710406
244710444
244710445
244710446
244710450
244710454
244710457
244710464
244710475
244710484
244710521
244710524
244710554
244710557
244710582
244710630
244710652
244710656
244710664
244710667
244710702
244710703
244710705
244710707
244710708
244710710
244710730
244710731
244710736
244710739
244710762
244710763
244710801
244710805
244710812
244710817
244710825
244710827
244710833
244710846
244710864
244710865
244710869
244710870
244710871
244710872
244710873
244710874
244710876
244710878
244710879
244710882
244710895
244710897
244710899
244710900
244710903
244710904
244710914
244711426
244730014
244730020
244730045
244730048
244730083
244730125
244730148
244730150
244730153
244730181
244730196
244730199
244730205
244730231
244730368
244730389
244730396
244730460
244730470
244730476
244730477
244730531
244730603
244730648
244730680
244730707
244730796
244730818
244730862
244730890
244730912
244730927
244730959
244730961
244730973
244730982
244735000
244740035
244740042
244740052
244740074
244740079
244740080
244740124
244740200
244740201
244740238
244740242
244740334
244740335
244740404
244740449
244740452
244740453
244740484
244740488
244740574
244740575
244740576
244740657
244740681
244740730
244740748
244740760
244740763
244740787
244740788
244740801
244740804
244740814
244740874
244740887
244740929
244748142
244750008
244750017
244750018
244750021
244750022
244750043
244750070
244750116
244750117
244750119
244750125
244750133
244750210
244750217
244750218
244750306
244750341
244750350
244750356
244750358
244750379
244750382
244750390
244750401
244750429
244750454
244750464
244750480
244750482
244750494
244750496
244750498
244750587
244750597
244750598
244750616
244750641
244750656
244750679
244750713
244750715
244750731
244750742
244750786
244750806
244750822
244750828
244750887
244750893
244750895
244750897
244750924
244750954
244750961
244750980
244757000
244758000
244761000
244770000
244770183
244770198
244770241
244770268
244770334
244770335
244770363
244770510
244770598
244770618
244770656
244770697
244770727
244770798
244770838
244772000
244773000
244776962
244780024
244780077
244780213
244780248
244780264
244780283
244780331
244780346
244780366
244780375
244780377
244780378
244780380
244780387
244780409
244780435
244780511
244780514
244780522
244780525
244780542
244780575
244780619
244780658
244780663
244780700
244780738
244780739
244780766
244780825
244780869
244780876
244780955
244790037
244790048
244790084
244790087
244790091
244790247
244790535
244790609
244790610
244790684
244790685
244790972
244790985
244792000
244805000
244810083
244810087
244810108
244810184
244810186
244810513
244810632
244810665
244810692
244810693
244810881
244810900
244817000
244820145
244820146
244820200
244820331
244820369
244820397
244820404
244820548
244820651
244820824
244820968
244825000
244830126
244830176
244830191
244830301
244830366
244830464
244830512
244830541
244830609
244830642
244830800
244830924
244850033
244850318
244850403
244850433
244850442
244850515
244850581
244850765
244850894
244850968
244850970
244860347
244860469
244860471
244860533
244860636
244860670
244860699
244860721
244860744
244863000
244870016
244870167
244870461
244870481
244870535
244879000
244886000
244905000
244923000
244964000
244974000
244977000
244980000
245031000
245042000
245059000
245084000
245088000
245116000
245139000
245142000
245207000
245209000
245232000
245258000
245260000
245349000
245350000
245351000
245354000
245359000
245370000
245381000
245405000
245407000
245418000
245449000
245452000
245453000
245455000
245464000
245488000
245489000
245494000
245505000
245546000
245569000
245617000
245618000
245659000
245670000
245675000
245685000
245703000
245709000
245711000
245724000
245742000
245778000
245784000
245866000
245906000
245907000
245910000
245931000
245999040
245999050
245999160
246026000
246046000
246082000
246091000
246096000
246115000
246128000
246130000
246131000
246137000
246139000
246152000
246154000
246170000
246171000
246172000
246187000
246190000
246196000
246244000
246245000
246254000
246300000
246301000
246316000
246333000
246346000
246359000
246361000
246363000
246375000
246376000
246380000
246389000
246391000
246392000
246396000
246401000
246411000
246419000
246436000
246439000
246452000
246497000
246517000
246522000
246536000
246537000
246538000
246543000
246577000
246581000
246582000
246584000
246586000
246587000
246591000
246592000
246604000
246608000
246650000
246655000
246656000
246657000
246658000
246710000
246713000
246725000
246762000
246848000
246881000
246882000
246895000
246901008
246901011
246918000
247002000
247003000
247007000
247015400
247064200
247161800
247191300
247219400
247286700
247311100
247312900
247313500
247323200
247341300
247356500
248040000
248047000
248078000
248178000
248331000
248463000
248465000
248692000
248701000
248928000
249000882
249004000
249039000
249040000
249103000
249110000
249119000
249138000
249238000
249267000
249268000
249409000
249486000
249509000
25
250000511
250002688
251244110
251315240
251383110
251401000
25147718
251495110
253011000
253023000
253029000
253047000
253056000
253077000
253110000
253112000
253242276
253242357
253248000
253256000
25328974
253296000
253318000
253384160
253396000
253416000
253417000
253449000
253495000
255802380
255805552
255805555
255805557
255805577
255805592
255805604
255805695
255805696
255805764
255805795
255838000
256000350
256177000
256246000
256284000
256373000
256383000
25654025
256656000
256701003
256758000
256759000
256986000
257084340
257126900
257142000
257222222
257426000
257593000
257804600
257958900
257999309
2579999
258133971
258313000
258387000
258465000
259099000
259153000
261000200
261000320
261001880
261002100
261004340
261006140
261006770
261006870
261007370
261007950
261008070
261009040
261010250
261010830
261027110
261028820
261031080
261199000
261482000
261521000
262394192
262394200
263003014
263864191
263864219
263864221
263864222
263864223
263934668
265000000
265004000
265412000
265413000
265731560
26574158
266431000
268
268268268
268447074
269056440
269056851
269056957
269057047
269057072
269057131
269057132
269057154
269057204
269057228
269057259
269057261
269057296
269057316
269057336
269057360
269057368
269057378
269057466
269057472
269057539
269960001
271000303
271000743
271000773
271000956
271001019
271001093
271002555
271002599
271002656
271040319
271040948
271042609
271043396
271044021
271056001
271072246
272000000
272121500
272319000
272597000
272682000
272977000
273000000
273000001
273000002
273000003
273111111
273312780
273315950
273317910
273323800
273332610
273334130
273334570
273336610
273338630
273339080
273345030
273351580
273351850
273352820
273353770
273353940
273354210
273355340
273355410
273358970
273368990
273371330
273387600
273416010
273433550
273438790
273441410
2734421
273443890
273445080
273449410
2734497
273455430
273455960
273456950
273539800
273554300
273828110
273892110
275402000
276672000
276691000
276696000
276747000
276776000
276779000
276780000
276788000
276813000
276815000
277006000
277078000
277100000
277147000
277148000
277149000
277150000
277207000
277280000
277291000
277296000
277314000
277339000
277349000
277385000
277408000
277421000
277425000
277447000
277459000
277461000
277464000
277486000
277493000
277504000
277523000
277526000
277533000
277540000
277541000
277542000
27948124
285224284
290532700
29445129
297418653
297418654
297418655
3
300000000
300190110
300777777
303017308
303165000
303279000
303999000
304010973
304020821
304059000
304068000
304070935
304081000
304117000
304260000
304422000
304519000
304807000
304903000
304922000
304923000
304965000
305001000
305015000
305082000
305115000
305181000
305268000
305379000
305412000
305468000
305479000
305531000
305542000
305648000
305654000
305697000
305726000
305741000
305817000
305873000
305880000
305883000
305896000
305904000
306009000
306014000
308094000
308288000
308728000
308851000
309467000
309536000
309716000
309729000
310065000
310160000
310562000
310702000
311000134
311000137
311000164
311000165
311000265
311000317
311000433
311010100
311010600
311012400
311014600
311020900
311022500
311023500
311025100
311025600
311026500
311028700
311036874
311037300
311037800
311043300
311058600
311062900
311319000
311622000
311753000
311913000
312020000
312062000
312068000
312102000
312112000
312288000
312304000
312405000
312451000
312613000
312650000
312656000
312784000
312786000
312854000
312916000
314015000
315998208
316001283
316001327
316001434
316001539
316001633
316001635
316001637
316001687
316001697
316001698
316001795
316001799
316001801
316001802
316001807
316001844
316001878
316002065
316002501
316003113
316003285
316003878
316004370
316004910
316004911
316007349
316009560
3160107
316011358
316012880
316013980
316014595
316015121
316021508
316022391
316023339
316023341
316023808
316023811
316024256
316039000
316093000
316193000
316286000
316303000
316607241
31685693
318778716
319046900
319048201
319048202
319048203
319058000
319085900
319192000
319206000
319264000
319315001
319349000
319563001
319598000
319657000
319732000
319819000
319904000
32142428
323232323
323456789
33
33161218
333333333
335215357
335544323
338115267
338140928
338141016
338141018
338217000
338329000
338517000
338564000
338771968
338860000
338982000
339300670
339317760
339318000
339319003
339377000
339396000
339433000
339591168
339800020
341405000
341582000
341728000
341857001
341891000
341992000
345000000
345000001
345000004
345010033
345030500
345040500
345050029
345050700
345070700
345140500
345200021
347015571
35
351263000
351272963
351280192
351281177
351295000
351347000
351355000
351421000
351602000
351621000
351694000
351712000
351722000
351745000
351773000
351801000
351923000
352055000
352124928
352124929
352124931
352134000
352216000
352275000
352286000
352367000
352555000
352598000
352688000
352725000
352775000
352814000
352837000
353038000
353446000
353697000
353951076
354075000
354100000
354166000
354292000
354361000
354408000
354444000
354574000
354587000
354622000
354636000
354756000
354921000
354934000
354942000
355497000
355546000
355550000
355635000
355647000
355691000
355692000
355823000
355843000
356006000
356100000
356159000
356289000
356353000
356696000
356804000
356979000
356984000
356986000
357026000
357154000
357203000
357238000
357255000
357325000
357330000
357385000
357403000
357475000
357477000
357562000
357572608
357592000
357632000
357667000
357726000
357736000
357982000
358585723
359391232
362000000
362181000
362186000
363685495
365123000
366238690
366238710
366245490
366270000
366365000
366695940
366725230
366727190
366780000
366792940
366816256
366816340
366848330
366856451
366856460
366856463
366874950
366884150
366896709
366897820
366898420
366901880
366904880
366904890
366904910
366904930
366904950
366916840
366916963
366919160
366920020
366935050
366936680
366936835
366936890
366937011
366939710
366939820
366941790
366941810
366941840
366941860
366946710
366950740
366951230
366953850
366953860
366953880
366954127
366954160
366958490
366958910
366961410
366961420
366961449
366961450
366961460
366961480
366961530
366961540
366962947
366962951
366962970
366962989
366963030
366963040
366963043
366963150
366963170
366963250
366963251
366963330
366963390
366963391
366963460
366963470
366967299
366967509
366967510
366967540
366967550
366967551
366967590
366967630
366967660
366967670
366969670
366971360
366971370
366973242
366979050
366983290
366983440
366984260
366984270
366984280
366984310
366984320
366984440
366984950
366984960
366984970
366985050
366985660
366985663
366985710
366985730
366985760
366985770
366986640
366986670
366988190
366988191
366991080
366993460
366993640
366995230
366995280
366995429
366995470
366995540
366995550
366995680
366995968
366996090
366996120
366996280
366996360
366996570
366996590
366996720
366996930
366997440
366998040
367001603
367003430
367003890
367004120
367010563
367010580
367010583
367011821
367011830
367014190
367014450
367015890
367016010
367017130
367017960
367032830
367037490
367037510
367050250
367050550
367051340
367053260
367057260
367057380
367057450
367057720
367057750
367057789
367057790
367060489
367061930
367066070
367067810
367073380
367075110
367077330
367078130
367082230
367082880
367084480
367092230
367093560
367095460
367105795
367105910
367105911
367120990
367122230
367125100
367129610
367129620
367129650
367129670
367139980
367141370
367141920
367143360
367143380
367143450
367143650
367143670
367143910
367143920
367145870
367146110
367157150
367168830
367168940
367168960
367168970
367174060
367178241
367178489
367178490
367182120
367192670
367193780
367300350
367302370
367306290
367306940
367309910
367310170
367312660
367314420
367320510
367327120
367338850
367341010
367353660
367357110
367362051
367362243
367369950
367371410
367371610
367371850
367372229
367372230
367375620
367377890
367401320
367402530
367402531
367402580
367402730
367402990
367404910
367405720
367405790
367411970
367412570
367412630
367420280
367420410
367421310
367422979
367422980
367422983
367424470
367424480
367424940
367426830
367430291
367430330
367430331
367433473
367434080
367434260
367434580
367438870
367441665
367441869
367441870
367442390
367442693
367442729
367442769
367451120
367451270
367452820
367454460
367456515
367456683
367456771
367456780
367456810
367456850
367456880
367456920
367456923
367456940
367459110
367461377
367461548
367461549
367461550
367466980
367468380
367472899
367472941
367473550
367475340
367475563
367485290
367495210
367500750
367503382
367503383
367503540
367503543
367503920
367504990
367505090
367505110
367505650
367505770
367506940
367508230
367508430
367522180
367522210
367522220
367522240
367524096
367524230
367524240
367528050
367532820
367532823
367532840
367533190
367534840
367535290
367537710
367543910
367547137
367550890
367556020
367559041
367560930
367574019
367574230
367574231
367579120
367581120
367583130
367584520
367584740
367585170
367588290
367590730
367604120
367605130
367610170
367610510
367610680
367610681
367615235
367615260
367615263
367618819
367618990
367618991
367622520
367636460
367637760
367637970
367638240
367638249
367638250
367638260
367644850
367645430
367645628
367645970
367647210
367650190
367650670
367652980
367667715
367667720
367667723
367672380
367675910
367677570
367678150
367679290
367679550
367681480
367682610
367687520
367687870
367688580
367689040
367692120
367702040
367702050
367702120
367702130
367702340
367724000
367864000
368183000
368470000
368685000
369098753
369098755
369175900
369623041
369970574
370001000
370176000
370372000
370425001
370486000
370491000
370506000
370507000
370511000
370515000
370522000
370585000
370700000
370763000
370777000
370925689
371012000
371089000
371131000
371182000
371194000
371398000
371401000
371453000
371506000
371633000
371691000
371756000
371830000
371838000
371861000
371897000
371932000
372011000
372149000
372273000
372328000
372412000
372517000
372617000
372641000
372798000
372899843
373223000
373408000
373449000
373490000
373615000
373779000
373967000
373981000
374957000
375041000
375129000
375133000
375219000
375446000
375616000
375632000
376091000
376111000
376309000
376372000
376374000
376375000
376436000
376472000
376492000
376566000
376665000
376907000
377067000
377369000
377518000
377901017
378111397
378344000
378389000
392341
396623392
398540800
398540814
4
400000000
403040000
403288000
403701610
408386000
408521000
408522000
408857000
410000000
412000000
412000001
412000002
412000003
412000009
412000088
412000568
412002220
412002310
412004321
412006899
412008666
412008888
412010101
412011210
412020202
412030000
412030303
412040404
412043550
412078000
412088888
412100000
412111111
412123321
412123456
412200146
412202222
412204730
412208660
412222222
412234567
412300000
412302260
412303030
412303080
412303490
412320023
412324140
412324188
412328784
412328786
412329692
412331076
412331077
412331079
412331208
412333333
412333366
412345678
412352380
412356789
412356950
412358888
412375110
412378820
412388888
412400000
412400155
412402610
412411850
412412412
412412442
412412444
412413817
412418140
412420197
412420405
412420502
412420944
412421701
412425640
412428748
412429320
412430070
412434390
412438180
412440367
412443152
412443675
412445640
412450000
412456789
412465430
412466666
412468590
412468740
412470450
412526270
412554280
412555555
412570000
412591071
412591072
412596112
412596777
412666555
412666666
412678050
412702970
412750030
412750140
412750430
412751890
412755550
412756150
412764460
412800082
412888888
412900000
412999999
413000000
413000001
413000002
413000003
413000008
413000009
413000088
413003000
413015060
413021110
413024560
413043040
413043220
413043230
413056000
413066666
413111562
413123456
413127000
413157770
413200000
413202750
413222000
413270430
413272130
413277777
413300000
413303970
413304270
413321000
413333333
413358020
413359240
413361830
413365080
413372490
413373080
413374110
413378870
413402270
413412413
413412810
413413000
413413413
413420580
413424240
413433180
413441770
413447670
413448650
413449030
413452740
413454310
413456789
413465680
413466740
413466930
413467420
413468320
413473180
413473190
413473210
413473310
413473920
413474530
413479450
413479470
413500000
413521000
413555830
413567890
413586987
413589723
413591740
413592290
413666666
413690170
413690240
413693990
413700000
413700010
413762081
413762252
413762724
413762725
413762726
413764285
413770000
413770326
413770826
413770865
413773043
413774502
413775000
413777777
413779897
413787888
413789109
413795535
413800000
413800067
413800476
413810612
413813904
413818359
413818474
413820641
413825082
413825174
413827432
413829686
413829738
413888884
413888888
413900000
413900719
413900791
413900972
413900975
413901323
413901351
413901609
413902059
413902345
413903511
413905572
413906648
413935786
413940831
413952293
413973000
413989463
413990011
413992211
413994542
413998888
413999999
416000000
416000001
416000005
416000057
416000090
416002477
416003451
416004681
416237800
416241500
416450000
419000000
419000001
419000101
419000411
419000703
419000704
4190009
4190010
4190033
419956619
420000003
422000000
422050100
422856000
428000122
428019000
428043000
428700000
431000221
431000236
431000304
431000326
431000479
431000590
431000592
431000792
431000859
431000876
431000926
431001040
431001112
431001544
431002092
431003032
431003061
431003177
431003373
431003381
431003671
431004049
431004083
431004115
431004154
431004228
431004255
431004586
431004622
431005182
431005248
431005263
431005338
431005364
431005367
431005389
431005421
431005655
431005691
431005904
431006014
431006084
431006223
431006416
4310207
431100182
431100271
431100311
431100499
431100859
431100922
431100939
431100945
431100948
431100987
431101012
431101024
431101045
431101139
431101148
431200176
431200632
431200647
431200673
431200681
431200683
431200688
431200693
431200703
431201130
431300185
431300686
431300775
431301453
431301549
431301648
431301674
431301679
431301736
431319000
431400028
431401968
431401969
431500186
431500658
431500784
431501618
431501692
431501694
431501732
431501764
431501774
431501868
431586000
431600182
431600641
431600674
431601219
431601235
431601949
431602067
431602076
431602206
431602232
431700169
431704490
431800044
431800070
431800201
431800389
431800596
431800597
431800850
432342000
434109079
434124700
43528257
440000000
440000001
440003350
440022680
440023000
440037000
440067000
440100000
440105540
440111111
440121000
440197000
440200000
440200130
440261000
440641000
440773000
440787000
441019000
441722000
444444444
44710131
452019710
457039000
457602000
457900040
466000000
466205000
466410000
470000001
470100000
470100001
470123000
470123456
470218000
470274900
470377000
470424000
470459000
470496000
470515000
470560000
470568000
470571000
470573000
470659000
470903000
470909000
470919000
477192300
477264700
477334300
477559200
477595900
477780000
477866600
477914900
477990800
477995100
477995223
477995467
5
500000000
500076393
500076394
500076395
502
503
503000000
503000039
503000370
503009100
503024290
503043000
503325000
503338000
503432000
503433000
503486300
503738300
503760000
511011000
512000127
512000222
512085000
512392000
514017000
514249000
515967000
518100015
518684607
518783000
522878911
524578546
525
525000000
525000001
525000010
525000914
525001102
525002063
525002084
525002098
525003109
525003137
525003337
525003378
525003396
525003425
525005001
525005002
525005003
525005004
525005009
525005010
525005012
525005014
525005015
525005017
525005031
525005046
525005052
525005054
525005120
525006045
525008004
525008007
525008119
525009040
525009046
525009077
525009573
525010000
525010054
525013018
525013020
525013036
525013038
525014666
525015072
525015092
525015144
525015378
525015639
525015749
525015772
525015868
525015879
525015932
525015962
525015977
525016131
525016148
525016299
525016548
525016550
525016608
525016663
525016706
525018229
525018371
525018395
525019003
525019522
525021037
525021302
525022210
525024157
525025010
525025024
525025041
525025049
525025050
525025052
525025057
525025059
525025061
525025062
525025065
525025066
525025074
525025084
525025088
525025089
525111111
525123000
525123456
5251537
528155000
529890106
533000000
533599000
533790000
533914000
537985026
538002554
538002864
538002960
538002961
538003076
538003097
538003660
538003668
538003825
538004014
538004056
538004241
538004369
538004589
538004712
538004809
538004942
538005073
538005121
538005262
538005291
538005346
538005393
538005396
538005442
538005562
538005585
538005592
538006000
538006273
538006570
538070873
538070904
538070921
538090191
538090261
538090304
538090324
538090400
542179110
547978470
548000000
5501730
553111321
553111692
555555555
56
563000000
563009860
563010320
563012720
563022530
5631127
563115000
563234000
563267000
563460000
563614000
563820000
563916000
563925000
564011000
564057000
564218000
564305000
564328000
564481000
564624000
564681000
564721000
564727000
564851000
564853000
564867000
565042000
565128000
565379076
565435000
565504000
565742000
565766000
565769000
565810000
565854137
565854138
565854139
565955000
565975000
565990000
566133000
566140000
566162000
566163000
566164000
566229000
566425000
566801000
566914000
567000000
567000522
567001410
567005000
567010000
567038000
567190094
567190106
56790
572292000
574001400
576015000
576183000
576250000
576290000
576364000
576628000
576718000
576817000
577112000
578000700
585727206
59
598130591
6
60
600000000
600011568
600012239
600012923
600013381
600013487
600014289
6010023
6010026
613123456
6149
616845000
616846000
616999420
616999439
617100000
620090000
622123000
623456789
627066000
631876000
635961347
636009894
636011496
636011610
636011634
636011816
636013097
636013099
636013800
636014587
636014800
636014901
636014902
636015016
636015032
636015528
636015611
636015664
636015956
636015957
636016032
636016109
636016238
636016275
636016424
636016529
636016689
636016722
636016770
636016973
636017056
636091030
636091123
636091351
636091802
636091855
636091997
636092009
636092073
636092137
636092164
636092197
636092412
636092478
636092521
645143000
645147000
6459021
6459024
6459025
657011002
657107300
657109400
657113000
657523000
657716000
657901000
663000000
666000001
666666666
667001226
667001286
667001391
667013000
667854751
671476000
671511000
677011200
677027700
677028900
677054700
677056100
677057201
677059100
677060300
677060600
677061300
69
6932
7
70
700000000
700000001
701000001
701000648
701006034
701006097
701006113
701006177
701006216
701006221
701006225
701006226
701006227
701006228
701006230
701006232
701006239
701006240
701006245
701006247
701006277
701006286
701006308
701006319
701006344
701006363
701006365
701006411
701006430
701006463
701006466
701006515
701006569
701006592
701007014
701007053
7010307
701812000
701999999
704643072
71
710000000
710000001
710000009
710000013
710000115
710000440
710000869
710001520
710006930
710008000
710011790
710012740
710013250
710017328
7104001
7104002
7104003
711000015
712345678
72
725000390
725001048
73
730000000
730044000
730063000
735059022
75448323
755000000
755002420
755002555
755002599
755003076
755003483
755003495
755021000
755056000
755104224
755201178
7554169
757849370
76
760000001
760000004
760000320
760000650
760000770
760000880
760000920
77
770576067
770576114
770576118
770576122
770576134
770576154
770576186
770576189
770576191
770576209
770576248
770576251
770576257
770576262
770576267
770576269
770576271
770576272
770576275
770576278
770576282
770576302
770576328
770576342
775000000
775090000
775994290
775996242
775996425
7777777
777777777
78
787878787
788738
789652347
789789000
79
790954100
795148404
799999999
8
800000000
800000002
800033080
8072781
808464432
808464456
808464464
808464488
808464496
808663857
808663912
808664168
82
83
84
848507543
85
876543210
888888
888888420
888888888
897898896
9
900000000
900000008
900000009
900200001
900707301
9010120
9102778
9103146
915030172
920101116
935329836
940200035
940312834
94999
956567617
961118000
963226185
983052353
98306748
985655296
987654321
990123321
992271106
992441004
992442726
992446000
992446005
992626001
992626002
992626003
992626004
992626005
993672077
993672090
994131611
994131616
994131617
994131619
994131620
994131621
994131622
994131626
994131627
994131628
994131636
994131655
994131661
994136303
994136306
994136307
994136310
994136311
994136312
994136313
994136314
994136315
994136316
994136317
994136318
994136319
994136320
994136321
994136409
994136410
994136411
994136415
994136428
994136504
994136510
994136512
994136513
994136514
994136515
994136522
994136601
994136602
994136622
994136638
994136648
994196023
994196024
994401013
994401602
997011088
997101008
997104001
997104002
997104003
997106001
997106002
997106003
997300173
997752230
998641729
998649921
999000003
999123456
999999000
9999999
999999989
99999999
999999998
999999999