0
1
10
1000
10000000
100000000
100000001
100900000
100900001
100900002
100900004
100900012
100900020
100900025
100900517
100912003
100912345
101010101
101101001
101101002
106106160
107374182
1073741823
10878978
11
110000000
111000000
1111
111100000
111111000
11111111
111111111
111111112
111111121
111111302
111111392
111503018
111503019
112233445
11254086
114
1193046
12
123
123123123
123450011
123454321
123456
12345678
123456780
123456788
123456789
123888888
13
14
149529659
15
16
160
168
168168168
17739082
19070393
1942
19831792
2
20
200
200000000
200000001
200011888
200804300
200808150
200912310
201006210
201204131
201208170
201211180
201603522
202020200
203999371
204588876
205
205008600
205051000
205110000
205114000
205188000
205212390
205233000
205269190
205290000
205309000
205335490
205336000
205340000
205344990
205348990
205384395
205388990
205389826
205393000
205393790
205435990
205457590
205465690
205479890
205480790
205488390
205491290
205500190
205501290
205502390
205508590
205521690
205523290
205526290
205526390
205528890
205552000
205557000
205591000
205593000
205599000
205604000
205644000
205673000
208720880
209073000
209159000
209384000
209392000
209440000
209456000
209467000
209851000
209852000
21
210125000
210359000
210407000
210523000
210556000
210584000
210605000
210720000
210804000
210842000
211000000
211002010
211091458
211110430
211130000
211149890
211151080
211156994
211163700
211168930
211177620
211178250
211180550
211180740
211187040
211188000
211188220
211190000
211202770
211207760
211214670
211214980
211217360
211218810
211224140
211226550
211228210
211233510
211234440
211238930
211242850
211247120
211260260
211265900
211281010
211288480
211303110
211305290
211316150
211327660
211363680
211365960
211366340
211367950
211372620
211383980
211431270
211436040
211437160
211437180
211437190
211437240
211437250
211437260
211437270
211437280
211437290
211437300
211437320
211437330
211437340
211437470
211437770
211440680
211445230
211471070
211471880
211472160
211472760
211473470
211475380
211476040
211476340
211484674
211490610
211492530
211496350
211510910
211511950
211512430
211512520
211512540
211512810
211513110
211513200
211513820
211515230
211516500
211519730
211520730
211521080
211523800
211525220
211526690
211527950
211527960
211527980
211529560
211529570
211532590
211539790
211539800
211540060
211544210
211546160
211546580
211546740
211549530
211551940
211555020
211555980
211557750
211559990
211560830
211579150
211587750
211588680
211589740
211590150
211590310
211591180
211595610
211611680
211612900
211622480
211623180
211624530
211625340
211625350
211627870
211636260
211639300
211643790
211648000
211649550
211654060
211664100
211664570
211666720
211667590
211667760
211676580
211676590
211680230
211684020
211692820
211704040
211706350
211711370
211715570
211720660
211845000
211876000
21193046
212222222
212302000
212357000
212368000
212375000
212396000
212400000
212454000
212561000
212621000
212640000
212706000
212746000
212797000
212819000
212836000
212935000
2132200
213777000
214111114
214180601
215000910
215025000
215110000
21526690
215646000
215883000
216701250
218197000
218272000
218321000
218780000
218783000
218810000
219000429
219000431
219000479
219000603
219000604
219000674
219000742
219000809
219000811
219000836
219001147
219002177
219005068
219012277
219016356
219016555
219016832
219016938
219017081
219017815
219017917
219018007
219018172
219019887
219019933
219020304
219081000
219116000
219230000
219282000
219292000
219432000
219458000
219482000
219484000
219601000
219622000
219653000
219825000
219947000
220016000
220284000
220449000
222222220
222222222
2231998
223344556
223456789
224016580
224032270
224063670
224093000
224101000
224102920
224127000
224127820
224195530
224200000
224202000
224203000
224226720
224239000
224247000
224248000
224279000
224441000
224490000
224549000
224593000
224600000
224646000
224675000
224689000
224704000
224718000
224768000
224840000
225410000
225419000
225423000
225444000
225488000
225985592
226000000
226004530
227000000
227006690
227006720
227011500
227022800
227023100
227023300
227024000
227289000
227303000
227381000
2278000
228006800
228046700
228085000
228160900
228233600
228237700
228293600
228293700
229061000
229095000
229097000
229196000
229227000
229294000
229295000
229302000
229398000
229437000
229533000
229543996
229712000
229802000
229875000
229879000
229880000
229914000
23
230112970
230628000
230634000
230652000
230987380
231205000
232001040
232001060
232001470
232001610
232002159
232002589
232002833
232003401
232004598
232004783
232004784
233009000
23303610
233322000
234235000
23456
234567890
234781000
235000864
235001800
235002514
235003589
235004391
235005246
235006680
235007472
235007473
235008564
235008733
235008929
235009590
235010020
235010500
235010670
235012119
235013197
235014365
235018872
235022611
235025112
235028825
235031617
235031618
235050371
235051085
235052541
235054581
235056993
235057012
235058304
235064777
235064783
235064784
235066012
235068128
235069875
235069877
235070402
235071204
235073372
235074416
235074703
235074938
235077712
235080246
235080274
235082716
235082717
235083239
235083344
235083745
235083876
235083892
235084702
235084806
235086473
235087611
235088195
235089435
235089436
235090599
235091541
235095629
235096027
235097139
235097407
235098568
235099235
235099969
235100258
235100538
235103062
235103265
235103385
235103397
235103431
235109058
235111195
235113253
235113737
235113819
235114376
235114568
235117926
235900006
236111884
236111888
236150000
236175000
236281000
236414000
237005100
237029100
237808200
238015000
239627000
239748000
239793800
24
240000000
240032000
240730000
2410
241069000
241087000
241159000
241213000
241241000
241271000
241284000
241460000
242000000
242127100
2424131
243990530
244000000
244000001
244006000
244010025
244010082
244010190
244010219
244010716
244010723
244010724
244010773
244010955
244020072
244020139
244020144
244020684
244020757
244020876
244020916
244020943
244030023
244030035
244030516
244030666
244030940
244033000
244050469
244060306
244060760
244060815
244060858
244060875
244060924
244070156
244070253
244070620
244070903
244070991
244087000
244090901
244100055
244100223
244100731
244110417
244116000
244123456
244148000
244153000
244167000
244180626
244186000
244216000
244250294
244250844
244260498
244270747
244274000
244287000
244301000
244326000
244353000
244391191
244394000
244452992
244452998
244452999
244453002
244453012
244453016
244453017
244453018
244453019
244453024
244453025
244453029
244453040
244453047
244453050
244453051
244453052
244453055
244454000
244486000
244521000
244528000
244584000
244586000
244592000
244603000
244615094
244615153
244615283
244615594
244615634
244615682
244615748
244615774
244615779
244615873
244615933
244615934
244618000
244619000
244620046
244620052
244620096
244620173
244620196
244620352
244620542
244620567
244620628
244620782
244620834
244620835
244620839
244620869
244620933
244620934
244620939
244620946
244620959
244620961
244620962
244620963
244620972
244620973
244620979
244620980
244620986
244622000
244630026
244630033
244630051
244630052
244630070
244630096
244630110
244630113
244630148
244630150
244630169
244630184
244630233
244630393
244630427
244630439
244630606
244630657
244630683
244630718
244630730
244630797
244630916
244645890
244650228
244650297
244650324
244650367
244650475
244650553
244650575
244650584
244650588
244650593
244650607
244650611
244650632
244650652
244650678
244650709
244650739
244650747
244650754
244650794
244650807
244650814
244650824
244650878
244650879
244650883
244650884
244650886
244650917
244650922
244650928
244650934
244650942
244650969
244650970
244650988
244650990
244660037
244660046
244660052
244660053
244660067
244660083
244660086
244660087
244660098
244660106
244660113
244660123
244660131
244660134
244660152
244660160
244660167
244660168
244660182
244660194
244660198
244660214
244660217
244660218
244660222
244660223
244660224
244660230
244660252
244660254
244660290
244660306
244660318
244660336
244660337
244660341
244660354
244660356
244660374
244660375
244660377
244660391
244660397
244660401
244660408
244660409
244660412
244660414
244660418
244660419
244660423
244660434
244660438
244660442
244660474
244660475
244660478
244660482
244660498
244660507
244660518
244660532
244660545
244660546
244660562
244660563
244660565
244660566
244660571
244660594
244660610
244660611
244660621
244660627
244660638
244660653
244660700
244660705
244660713
244660726
244660729
244660735
244660745
244660746
244660747
244660788
244660791
244660811
244660815
244660819
244660821
244660825
244660834
244660862
244660875
244660878
244660896
244660908
244660930
244660937
244660961
244660967
244660996
244669212
244670007
244670010
244670014
244670016
244670018
244670022
244670040
244670062
244670063
244670069
244670074
244670077
244670078
244670084
244670085
244670098
244670100
244670101
244670102
244670106
244670107
244670109
244670112
244670114
244670138
244670140
244670166
244670168
244670171
244670182
244670190
244670222
244670270
244670274
244670293
244670295
244670302
244670318
244670333
244670334
244670342
244670355
244670356
244670358
244670362
244670385
244670391
244670401
244670406
244670408
244670434
244670437
244670440
244670454
244670460
244670466
244670520
244670521
244670557
244670563
244670564
244670566
244670648
244670658
244670661
244670664
244670674
244670694
244670723
244670725
244670742
244670768
244670770
244670848
244670865
244670869
244670914
244670915
244670929
244670932
244670973
244670985
244670996
244670997
244670998
244670999
24467375
244690002
244690030
244690074
244690118
244690150
244690212
244690214
244690301
244690316
244690318
244690361
244690362
244690375
244690405
244690411
244690454
244690455
244690468
244690475
244690490
244690497
244690563
244690564
244690570
244690643
244690672
244690747
244690836
244690843
244690859
244690882
244690904
244690915
244690958
244690990
244690991
244690994
244692000
244699000
244700010
244700012
244700046
244700059
244700117
244700123
244700124
244700125
244700126
244700127
244700131
244700203
244700226
244700236
244700238
244700271
244700277
244700288
244700292
244700317
244700326
244700365
244700377
244700378
244700416
244700448
244700467
244700470
244700482
244700504
244700506
244700519
244700531
244700532
244700533
244700534
244700535
244700536
244700537
244700538
244700616
244700621
244700639
244700644
244700651
244700668
244700684
244700688
244700689
244700714
244700715
244700718
244700771
244700797
244700798
244700837
244700850
244700893
244700897
244700938
244700948
244700957
244700959
244700985
244700986
244700987
244700991
244710018
244710019
244710038
244710114
244710116
244710118
244710126
244710137
244710161
244710182
244710207
244710210
244710230
244710254
244710256
244710257
244710274
244710286
244710315
244710352
244710367
244710387
244710390
244710402
244710445
244710446
244710450
244710475
244710479
244710517
244710524
244710557
244710564
244710584
244710617
244710626
244710659
244710664
244710702
244710703
244710705
244710708
244710710
244710726
244710731
244710741
244710742
244710743
244710762
244710763
244710812
244710817
244710825
244710827
244710864
244710865
244710870
244710871
244710872
244710873
244710874
244710878
244710879
244710890
244710960
244710981
244710992
244711426
244730011
244730020
244730048
244730125
244730148
244730150
244730153
244730181
244730196
244730199
244730205
244730368
244730389
244730476
244730477
244730603
244730648
244730696
244730899
244730973
244730982
244735000
244740052
244740078
244740142
244740376
244740449
244740452
244740557
244740575
244740662
244740748
244740787
244740800
244740804
244740814
244740894
244740929
244750018
244750116
244750117
244750119
244750125
244750274
244750276
244750286
244750306
244750350
244750356
244750358
244750382
244750390
244750401
244750429
244750454
244750464
244750482
244750494
244750496
244750498
244750563
244750587
244750598
244750656
244750685
244750687
244750688
244750689
244750690
244750691
244750692
244750714
244750715
244750716
244750731
244750736
244750887
244750897
244750922
244750961
244757000
244758000
244761000
244762000
244770063
244770198
244770241
244770268
244770315
244770329
244770521
244770598
244770656
244770727
244770759
244772000
244780077
244780264
244780346
244780366
244780368
244780375
244780377
244780387
244780409
244780435
244780503
244780522
244780544
244780631
244780658
244780700
244780737
244780738
244780739
244780850
244780876
244780914
244780955
244790001
244790048
244790084
244790319
244790535
244790609
244790610
244790679
244790684
244790685
244790810
244790972
244805000
244810108
244810184
244810186
244810246
244810401
244810513
244810632
244810665
244810692
244810693
244810881
244810900
244820145
244820146
244820300
244820331
244820369
244820397
244820532
244820548
244820768
244820807
244830126
244830191
244830366
244830388
244830464
244830512
244830550
244830609
244830638
244830680
244830800
244830924
244850093
244850180
244850403
244850581
244850765
244850894
244850968
244851000
244860021
244860382
244860469
244860471
244860573
244860670
244860699
244863000
244870016
244870167
244870535
244870574
244870588
244870671
244886000
244890031
244890219
244890385
244900071
244900089
244923000
244935000
244964000
244974000
244980000
244992000
244999998
245028000
245043000
245059000
245078000
245088000
245120000
245121000
245128000
245152000
245207000
245209000
245257000
245260000
245272000
245349000
245351000
245354000
245370000
245384000
245405000
245418000
245457000
245494000
245505000
245516000
245529000
245569000
245575000
245585000
245617000
245647000
245670000
245675000
245681000
245703000
245709000
245718000
245724000
245735000
245742000
245816000
245866000
245882000
245906000
245907000
245909000
245931000
245932000
245967000
245979000
245999160
246016000
246026000
246029000
246057000
246060000
246115000
246128000
246130000
246131000
246137000
246154000
246171000
246172000
246174000
246187000
246190000
246196000
246245000
246300000
246301000
246316000
246327000
246333000
246346000
246359000
246375000
246392000
246401000
246411000
246419000
246449000
246490000
246514000
246536000
246537000
246538000
246596000
246604000
246607000
246608000
246609000
246614000
246656000
246657000
246658000
246685000
246707000
246713000
246838000
246883000
246895000
246901008
246918000
247000000
247003000
247003800
247054400
247065400
247094000
247107100
247113300
247161800
247192300
247206000
247217500
247264700
247279000
247286100
247290200
247299500
247311200
247325300
247372600
247455000
248078000
248218000
248282000
248418000
248692000
249000638
249000882
249040000
249054000
249110000
249119000
249138000
249163000
249205000
249267000
249268000
249374000
249486000
249518000
249525000
249526000
249531000
249532000
249835000
25
251152110
251244110
251315240
251796110
253029000
253034000
253093000
253124000
253202000
253242428
253294000
253296000
253311000
253336000
253365000
253369000
253380000
253416000
253454000
253465000
253495000
255805580
255805604
255805693
255805758
255805776
255805810
255805836
255805866
255805895
255805913
256246000
256306000
256373000
256441000
256601000
256639000
256758000
256796000
256825000
256858000
256887000
257011900
257013700
257022700
257026800
257051700
257058700
257074700
257114400
257124400
257126900
257133600
257144700
257206040
257212400
257266500
257273000
257274000
257282400
257287000
257298900
257304900
257308800
257333000
257338000
257364400
257390900
257426000
257473000
257540900
257559000
257567600
257615000
257645700
257684700
257696800
257720600
257794340
257801800
257837000
257891600
257958900
2579999
258007000
258009500
258046000
258048000
258092000
258130000
258146000
258177000
258226000
258266000
258266500
258271000
258306500
258313000
258323000
258330500
258352500
258359500
258424000
258509000
258593000
258694000
258841000
258844000
258858000
258871000
258968000
258999000
259000000
259216000
259299000
259344000
259386000
259401000
259402000
259427000
259456000
259530000
259546000
259551000
259589000
259591000
259592000
259593000
259638000
259649000
259650000
259680000
25985000
259987000
26
261007950
261008070
261010250
261024110
261139000
261482000
261855216
263701470
263701890
263701940
263701950
263701960
264162940
264163270
265004000
265041000
265177000
265292000
265410000
265463000
265513810
265514120
265514130
265514770
265516670
265522210
265522220
265522230
265522240
265528280
265531630
265536500
265546890
265546920
265547260
265547840
265549410
265549760
265573140
265586620
265587220
265606760
265633770
265650950
265650970
265698740
265704540
265706350
265721770
265756770
265871000
266018000
266026000
267210076
268
268168
268268266
268268268
268268926
269056851
269057047
269057072
269057090
269057131
269057228
269057261
269057316
269057336
269057360
269057368
269057378
269057518
269057539
269057548
271000000
271000538
271000539
271000683
271000733
271000734
271000743
271000869
271000906
271000921
271000975
271000976
271001039
271002472
271002476
271002477
271002482
271002489
271002491
271002492
271002493
271002499
271002500
271002502
271002504
271002506
271002508
271002511
271002512
271002517
271002518
271002520
271002522
271002523
271002524
271002526
271002527
271002533
271002544
271002561
271002562
271002578
271002615
271002637
271002699
271002711
271002736
271010163
271010195
271010205
271010256
271010266
271010269
271010270
271010273
271010280
271010284
271010291
271010292
271010294
271010298
271010306
271010308
271010309
271010312
271010313
271010314
271010323
271010326
271010348
271010369
271010378
271010456
271010488
271010504
271010505
271010506
271010510
271010511
271010513
271010514
271010522
271010526
271010527
271010531
271010533
271010538
271010541
271010610
271040027
271040153
271040239
271040254
271040301
271040307
271040319
271040378
271040573
271040948
271042202
271042480
271042486
271042567
271042609
271042611
271042941
271042945
271043393
271043394
271043395
271043475
271043573
271043749
271043869
271043936
271044098
271044109
271044139
271044153
271044172
271044201
271044216
271056001
271070519
271072069
271072246
271073148
271123456
272000000
272011300
272121000
272319000
272325000
272597000
272682000
272977000
273000000
273000001
273000002
273111111
273130600
273148810
273152800
273214110
273311340
273325640
273352820
273354210
273356980
273364630
273373370
273374520
273377030
273379670
273379870
273380810
273386020
273386440
273389860
2734421
2734497
273451700
273549530
273555500
273815000
273828110
273854000
275302000
275402000
276672000
276747000
276786000
276788000
277078000
277148000
277150000
277207000
277280000
277296000
277349000
277372000
277375000
277385000
277421000
277425000
277459000
277464000
277486000
277493000
277526000
277533000
277540000
277541000
277542000
27983874
3
300000000
300201821
300777777
30308
304011027
304020821
304068000
304297000
304422000
304822000
304844000
304863000
304923000
304965000
305168000
305234000
305279000
305387000
305389000
305525000
305542000
305627000
305654000
305697000
305740000
305741000
305760000
305820000
305866000
305880000
305883000
305889000
305896000
306009000
308094000
308847000
308851000
309225000
309242000
3099
310233000
310722000
311000000
311000116
311000128
311000164
311000165
311000317
311007200
311010100
311010600
311014600
311018500
311020300
311023500
311025600
311026500
311027000
311028300
311028700
311033500
311058100
311058400
31106
311062900
311104000
311516000
311988000
312068000
312100000
312288000
312304000
312405000
312613000
312854000
312895000
312916000
316000000
316001232
316001234
316001235
316001238
316001242
316001243
316001244
316001245
316001247
316001249
316001251
316001254
316001257
316001262
316001266
316001267
316001268
316001269
316001271
316001637
316001802
316001838
316002535
316003285
316003656
316003668
316003878
316003982
316004370
316004943
316005417
316005623
316005624
316005625
316005715
316005723
316007862
316009547
316009560
316009843
316011407
316011408
316011409
316011461
316011710
316012053
316012721
316012774
316012880
316013007
316013040
316013215
316013980
316014050
316014621
316014836
316015121
316018477
316018851
316022036
316026464
316028504
316028554
316028909
316029411
316029591
316030644
316031489
316093000
316095000
31705
319017900
319055000
319088200
319099500
319281000
319301000
319349000
319380000
319732000
319833000
319904000
32088570
321456789
323456789
325266000
329003100
329014320
33
330017431
331277000
33161218
333000019
333333333
338072595
338073000
338078000
338095229
338148356
338183275
338198162
338212785
338224000
338790000
338860000
338982000
339377000
339396000
341009000
341337000
341484000
341933000
341992000
345000000
345000001
345010033
345050029
345070176
345070244
345110011
345110014
345110015
345200021
3496
35
351008921
351142000
351232000
351243000
351355000
351745000
351923000
352134000
352135000
352206000
352231000
352275000
352277000
352598000
352688000
352775000
352814000
352837000
353197000
353292000
353446000
353525000
353628000
353835000
354075000
354100000
354123000
354166000
354292000
354444000
354565000
354574000
354587000
354622000
354721000
354773000
354831000
354832000
354921000
354923000
354934000
354974000
355088000
355264000
355435000
355497000
355519000
355692000
355713000
355813000
356027000
356039000
356159000
356301000
356353000
356593000
356645000
356794000
356861000
356984000
356986000
357026000
357240000
357255000
357330000
357629000
357667000
357757000
357791000
357835000
357840000
357982000
362000000
362181000
36413
36415
36416
36422
36481
365526000
36581
36582
365946914
36602
36605
366053260
36611
366221223
36627
36631
36641
36663
36665
366709770
366709780
366710810
366710820
366727190
366749710
366755010
366759130
36676
366765570
366767140
36677
366771550
366772750
366772760
366772960
366772980
366772990
366773030
366773040
366773070
366773090
366773110
36678
36679
36680
366812260
366818870
366826940
366834180
366855710
366874920
366874950
366874951
366884150
366898420
366900190
366911660
366914180
366916840
366916920
366916960
366935050
366936890
366941810
366941820
366941830
366941840
366952790
366952870
366952890
366959350
366961430
366961480
366961640
366961670
366962220
366962950
366962970
366963272
366963350
366963390
366963460
366967530
366967720
366972270
366972950
366975420
366976930
366978630
366978631
366982340
366984320
366984910
366985340
366985540
366985730
366985760
366986970
366987010
366988770
366991080
366993470
366995320
366995330
366995360
366995380
366995410
366995450
366995970
366996210
366996220
366996290
366996291
366996640
366996690
366996710
366996730
366997240
366997420
366997780
366999220
367000140
367000150
367000451
367001670
367003410
367003580
367004120
367005220
367005270
367005310
367005360
367005550
367006410
367011730
367014190
367016010
367032830
367037490
367039650
367051340
367054790
367057260
367057380
367057860
367057930
367061140
367061930
367073370
367073380
367075020
367075220
367078130
367080390
367082880
367093560
367101920
367109430
367129540
367129610
367141080
367142710
367143670
367143690
367145870
367152730
367153930
367156850
367157150
367161940
367161950
367164650
367168970
367182120
367193780
367197420
367300350
367301010
367302630
367303080
367305040
367306940
367308990
367310170
367317630
367317850
367319320
367323150
367325130
367330620
367331830
367339240
367343510
367344000
367350050
367351520
367352250
367355120
367358340
367372230
367375620
367378120
367378960
367382530
367388340
367389230
367400420
367402046
367402050
367402051
367402146
367402147
367404910
367411970
367415180
367421310
367426830
367427270
367428230
367430810
367433620
367449870
367453850
367456810
367456960
367463060
367466980
367473240
367474230
367477680
367478450
367479990
367487360
367489520
367490530
367495210
367495480
367497990
367504990
367505050
367505070
367508430
367508440
367515050
367515210
367519240
367524270
367530590
367530760
367534690
367534840
367535110
367535250
367537070
367542760
367557580
367557590
367559030
367560930
367562810
367567220
367568460
367573410
367576750
367579880
367581110
367581140
367581150
367584740
367585170
367585470
367586130
367588290
367590560
367591810
367595180
367597230
367597820
367598950
367598970
367603820
367608860
367610510
367610550
367610590
367613760
367614880
367614930
367615260
367615680
367619730
367622960
367626230
367627770
367629180
367631610
367638090
367639680
367640680
367649320
367649360
367650190
367651810
367653290
367653630
367656160
367658860
367663890
367665360
367665480
367666170
367671080
367671160
367672380
367675660
367675880
367675910
367677570
367677630
367678150
367678850
367679030
367680160
367682610
367685130
367685950
367686940
367688580
367691950
367694730
367702010
367702120
367702130
367702190
367702230
367702290
367702770
367704390
367705330
367706830
367713720
367719750
367748220
367774000
367843900
368247000
368393000
368470000
368515000
369540000
369708000
369961000
369970275
369970574
370001000
370008000
370094000
370176000
370239000
370251000
370268000
370308000
370503000
370506000
370507000
370511000
370585000
370699000
370744000
370797000
370798000
370817000
37100300
371089000
371111000
371150000
371182000
371398000
371471000
371506000
371572000
371633000
371768000
371838000
371873000
371897000
371900000
371910000
371932000
372098000
372217000
372278000
372328000
372338000
372372000
372517000
372696000
373130000
373135000
373153000
373302000
373408000
373591000
373647000
373650000
373661000
373753000
373857000
373967000
374001000
374093000
374203000
374322000
374393000
374574000
374734000
374751000
374889000
374977000
375041000
375177000
375446000
375616000
375879000
375885000
376091000
376143000
376175000
376333000
376375000
376436000
376492000
376566000
376624000
377103000
377138000
377369000
377764000
378035824
378343824
378394000
4
400000000
403010000
403288000
408315000
408386000
408521000
408522000
408529000
408906933
410000000
41015
411043986
412000000
412000001
412000002
412000003
412000088
412000568
412000999
412001112
412001580
412004321
412005588
412010101
412012345
412020202
412030000
412030303
412031018
412035110
412040404
412043170
412043550
412043810
412044103
412047490
412047730
412050150
412055880
41206
412078000
412100000
412111111
412123123
412123321
412123456
412131111
412151008
412158000
412160101
412160501
412160507
412200146
412205416
412206740
412207550
412207680
412208030
412208660
412208780
412222222
412234567
412280956
412284277
412300000
412302170
412302940
412303030
412303160
412303490
412320019
412320023
412322222
412324188
412326789
412326888
412326960
412327222
412327313
412328757
412328888
412331000
412331077
412331078
412331079
412331185
412333007
412333333
412338800
412339965
412345678
412348846
412348872
412352380
412353510
412354056
412355588
412356789
412356990
412359210
412360860
412362050
412362760
412364950
412365280
412372810
412373040
412375580
412377310
412378760
412378956
412380110
412380150
412400000
412400010
412400155
412411850
412412412
412413010
412414060
412418140
412420125
412420168
412420197
412420247
412420405
412420502
412420561
412420805
412420944
412420956
412421356
412422695
412427311
412428020
412428748
412429320
412430000
412433249
412434390
412434408
412440066
412440367
412441154
412447777
412450000
412456410
412456420
412456789
412460002
412460007
412460320
412460330
412460850
412460860
412460870
412460880
412460910
412460920
412460930
412460960
412461640
412461990
412462040
412462090
412462270
412462570
412464160
412466860
412467870
412469240
412469250
412470450
412472790
412472920
412473420
412473430
412476410
412477440
412477670
412477680
412478080
412551070
412553920
412555555
412555666
412570000
412591072
412596110
412596112
412596777
412596999
412632726
412658888
412666666
412689000
412697270
412699510
412702970
412703860
412703970
412704150
412704170
412750430
412755540
412756150
412867000
412868000
412876000
412882000
412883000
412884000
412888888
412888999
412900000
412998866
412999999
413000000
413000001
413000002
413000011
413000088
413000097
413000118
413001000
413002050
413002060
413008208
413015060
413017070
413021110
413024560
413031020
413043040
413055540
413056000
413066666
413081510
413100000
413123456
413127000
413134000
413272680
413300000
413304270
413305380
413321000
413324830
413330650
413333333
413358680
413358820
413359840
413361830
413364090
413364830
413365080
413365150
413367590
413370230
413370410
413370550
413371940
413371950
413372210
413373080
413374130
413377010
413377030
413377190
413378450
413378710
413378870
413378990
413400980
413406110
413411650
413412413
413433180
413436790
413445980
413446250
413450210
413452650
413454310
413456520
413456789
413461990
413462110
413462220
413462750
413463540
413463880
413464380
413465680
413468580
413471048
413471740
413471750
413471870
413472060
413473180
413473190
413473210
413473310
413473920
413478770
413478850
413479450
413479470
413482110
413484890
413486160
413487340
413500000
413505590
413506190
413506210
413506760
413507510
413521000
413555390
413555830
413567890
413636000
41365
413690240
413691320
413693170
413694190
413694950
413695890
413697260
413698430
413698780
413700010
413701430
413761747
413762725
413762726
413762744
413763117
413763144
413763721
413764285
413765014
413766897
413769722
413770826
413771799
413772016
413772681
413773043
413774000
413774502
413775308
413776692
413777098
413777777
413778000
413778432
413778445
413780601
413781019
413781023
413781706
413781764
413781881
413782347
413782363
413782704
413783134
413783585
413784716
413785234
413785352
413785945
413786763
413788282
413788328
413788486
413788608
413788868
413789109
413789952
413790106
413790185
413791423
413793385
413794075
413794745
413794894
413795274
413795296
413796083
413800000
413800089
413800091
413800129
413800134
413800461
413800476
413801414
413801516
413801578
413801611
413801714
413801771
413801857
413802221
413802675
413802763
413802817
413802966
413803329
413804101
413804665
413804786
413805397
413805827
413806079
413806162
413806208
413806339
413806386
413806387
413806996
413807033
413807772
413808343
413809065
413810444
413810713
413811333
413812177
413812479
413812709
413812826
413813198
413813904
413814323
413814484
413815052
413816051
413816299
413816605
413816718
413816811
413818012
413818917
413818939
413820000
413820058
413820832
413821561
413822006
413822010
413822011
413822207
413822279
413822601
413822602
413824027
413824141
413824819
413826299
413826779
413826781
413827348
413827432
413827448
413827506
413827954
413828782
413829028
413829029
413829405
413829716
413829734
413829817
413830605
413831143
413831231
413831645
413831928
413832004
413832099
413832192
413832222
413832263
413832808
413833026
413833054
413833055
413833057
413833484
413833513
413833813
413834261
413834738
413857842
413859296
413860494
413861132
413861399
413888888
413900000
413900012
413900201
413900376
413900428
413900695
413900917
413901323
413901609
413902086
413902345
413903109
413903511
413904083
413904117
413904495
413905054
413905228
413906535
413906588
413906648
413906728
413912370
413940066
413951000
413951436
413951998
413952011
413952567
413952826
413955591
413956151
413960138
413966096
413966097
413966212
413971247
413971315
413971689
413973399
413973454
413975807
413978433
413980556
413987654
413987658
413988529
413989463
413996093
413997026
413997517
413997599
413997764
413999999
414062000
41407
414210000
414211000
414714000
415000000
416000000
416000001
416000005
416000080
416000818
416002477
416003451
416004681
416005033
416008800
416011000
416016000
416100050
416121800
416236500
416241500
416450000
419000000
419000001
419000101
419000109
419000122
419000245
419000490
419000704
4190010
419001500
4190033
419046000
419295000
420000003
422000000
422034900
422050100
422611000
422724000
4230980
423333100
423405100
4280052
428067000
431000001
431000044
431000127
431000221
431000223
431000236
431000238
431000239
431000249
431000259
431000261
431000293
431000294
431000306
431000307
431000308
431000309
431000325
431000338
431000368
431000371
431000376
431000383
431000424
431000427
431000432
431000457
431000458
431000461
431000477
431000478
431000479
431000495
431000501
431000517
431000518
431000523
431000526
431000528
431000534
431000547
431000569
431000585
431000592
431000596
431000598
431000599
431000605
431000626
431000649
431000651
431000652
431000659
431000734
431000773
431000792
431000876
431000952
431000984
431000994
431001072
431001112
431001114
431001544
431002092
431002093
431002273
431002428
431002595
431003032
431003033
431003061
431003211
431003373
431003381
431003439
431003514
431003671
431003691
431003767
431003967
431004228
431004231
431004277
431004622
431004713
431005164
431005182
431005207
431005219
431005263
431005267
431005288
431005301
431005338
431005421
431005438
431005759
431006159
431006187
431006292
431006336
431006367
431006416
431006597
431006855
431006858
431006913
431007022
431007147
431007149
431008024
431008147
431100032
431100125
431100192
431100338
431100403
431100476
431100961
431101044
431101065
431101119
431101148
431200283
431200306
431200654
431200669
431200675
431200681
431200708
431301245
431301812
431400282
431400404
431401436
431401968
431401978
431402000
431402019
431402043
431500089
431500658
431500784
431501382
431501488
431501621
431501694
431501756
431501766
431501774
431501791
431501801
431501815
431501879
431600087
431600146
431600182
431600334
431600422
431600423
431601089
431601588
431601676
431602031
431602036
431602089
431602157
431602169
431602232
431602284
431680138
431680213
431700169
431700260
431704490
431797000
431800044
431800201
431800389
431800596
431800597
436000223
438301866
440000000
440003350
440004260
440004700
440008090
440010560
440012290
440012610
440016610
440020080
440021860
440022020
440022690
440022760
440037000
440067000
440104860
440105210
440105540
440107160
440110850
440111111
440111160
440111210
440112210
440113000
440113910
440115340
440116870
440117740
440118970
440121000
440121860
440127670
440150940
440151610
440155330
440156000
440197000
440200000
440302190
440336370
440400170
440400430
440404510
440418340
440505960
440600980
441173000
441749000
441805000
444440000
444444444
447077000
451519547
457283000
457900024
457900040
461002000
465204663
466000000
466000001
466136000
466410000
470000000
470000001
470000004
470100000
470123000
470123456
470156000
470377000
470384000
470445000
470460000
470515000
470543000
470568000
470573000
470607000
470628000
470903000
470909000
470919000
477012000
477026000
477031000
477032000
477033000
477034000
477037000
477038000
477039000
477056200
477056300
477064000
477070100
477072000
477074000
477092000
477105300
477158700
477197200
477197300
477197400
477197500
477229400
477301100
477303000
477304000
477320600
477320700
477324000
477334300
477356000
477357000
477384000
477385000
477509000
477525000
477545000
477805000
477854100
477866600
477881300
477937100
477937200
477937300
477937400
477937500
477937600
477937700
477937800
477937900
477958100
477959900
477990800
477995026
477995027
477995028
477995029
477995030
477995032
477995040
477995041
477995042
477995044
477995063
477995072
477995074
477995429
477995440
477995449
477995507
477995523
49880003
5
500000000
501
502
503
503000000
503000370
503009100
503012210
503012700
503017420
503029560
503032680
503032690
503112233
503241900
503261100
503345100
503345300
503345400
503345500
503376200
503376300
503376400
503376600
503376700
503380000
503432000
503466000
503486300
503500700
503528000
503542400
503566100
503566400
503575300
503575400
503575600
503575700
503575800
503575900
503576400
503576500
503576600
503576700
503577100
503577200
503586200
503601000
503602000
503603000
503604000
503605000
503607000
503608000
503615300
503622800
503649700
503657300
503666100
503679200
503680900
503686000
503709000
503721000
503740000
503748000
503754900
503759000
503760000
503775600
503793700
505050063
510167000
512000027
512000222
512000465
512000532
512000741
512000742
512000928
512001026
512001028
512001259
512001261
512003135
512003410
512004062
512004511
512071000
512099000
512263000
512385000
518776000
520176000
522878911
525000000
5250007
525001102
525001103
525001104
525002107
525003109
525003135
525005001
525005002
525005004
525005012
525005014
525005015
525005017
525005031
525005041
525005047
525005052
525005168
525011570
525013046
525014666
525015868
525015932
525015962
525016055
525016148
525016539
525016608
525016706
525019003
525019195
525019522
525020155
525021302
525022379
525025026
525025050
525025052
525025059
525025061
525025062
525111111
525123456
5251537
529890106
533000000
533000743
533110104
533914000
5355846
538001922
538002864
538002930
538003455
538003477
538003515
538003550
538003690
538004153
538004240
538004412
538004481
538004589
538004809
538004942
538005039
538005073
538005094
538005121
538005250
538005442
538005512
538005590
538005592
538005604
538005906
538006000
538006001
538006033
538006142
538006212
538006278
538006326
538006378
538006419
538006720
538006779
538070921
542179110
545100078
545302581
546017900
548000000
548000024
548000034
548062500
548937000
553111672
553111692
553111741
555205105
555401183
555555555
563000001
563004426
563004788
563004794
563016940
563016950
563018160
563019650
563021050
563021120
563021430
563021930
563026780
563029960
563029990
563033690
563040014
563040040
563040062
563040283
563040290
563040427
563040431
563040556
563040558
563040564
563040569
563040786
563040787
563041422
563041465
563128000
563203000
563234000
563345000
563358000
563379000
563418000
563424000
563614000
563730000
563737000
563783000
563935000
564011000
564218000
564269000
564305000
564328000
564481000
564624000
564652000
564721000
564851000
564867000
565013000
565038000
565042000
565123000
565128000
565233000
565406000
565435000
565440000
565504000
565742000
565769000
565825000
565955000
565977000
566133000
566163000
566484000
566523000
566583000
566601000
566898000
566994000
567000000
567000482
567000522
567000529
567000547
567000549
567000572
567000573
567000581
567000591
567000593
567000625
567000635
567000641
567000657
567000734
567001320
567002999
567010000
567038000
567062800
5671117
567214400
56790
57166
572769000
572867210
575100901
575204519
576153000
576190000
576206000
576585000
577107000
577191000
58
585114508
588178638
59
592924841
595102151
595400290
6
60
600012923
600014502
601826000
61
6149
615406000
617100000
62
620090000
622123000
63
634120000
636009840
636011634
636012804
636013800
636013850
636014111
636014298
636014300
636014381
636014408
636014487
636014506
636014901
636015203
636015272
636015404
636015505
636015528
636015991
636015993
636016109
636016129
636016188
636016260
636016424
636016483
636016770
636017000
636017164
636017472
636017620
636092041
636092345
636092361
636092412
636092592
636092637
636092648
64
642122024
645147000
65
650140000
657111008
657113000
657132800
657697000
66
660
663000000
666000001
666666666
667001312
667001354
671317000
671476000
676258000
677018500
677028200
677039000
677060300
677060500
677060600
677061300
677062000
677062100
677063200
677095700
6774
6776
6787
686868686
69
6923
6929
6930
6932
693610758
7
70
700000000
700000001
701000540
701000648
701000798
701006018
701006097
701006100
701006227
701006239
701006244
701006247
701006266
701006286
701006365
701006452
701006463
701006515
701006592
701007014
701007052
701519000
701812000
704643072
707413847
71
710000000
710000001
710000009
710000430
710000440
710000869
710000925
710001520
710005550
710005610
710008000
710012740
710025250
710102037
710102044
710999999
72
725000332
725000406
725000924
725001090
730000000
730151032
737801181
755056000
755121212
755201178
755903495
76
760000001
760000320
760000650
760000770
760000880
760000920
760001220
760106000
760126000
77
770111111
770576009
770576067
770576110
770576114
770576122
770576134
770576154
770576186
770576189
770576196
770576198
770576200
770576209
770576257
770576262
770576272
770576275
770576278
770576282
770576319
770576328
770576342
770576345
770576346
770576365
770576999
775000000
775042000
775506000
775992120
775994290
775996242
775996425
777777769
777777777
78
785454640
787878787
7964014
799999999
8
800000000
800000002
800039637
800044428
800049145
8072781
8073718
808464432
808464456
808464464
808464480
808464488
808464496
808466512
808466528
808466536
808663857
808663912
808664168
81560127
82
83
84
848507543
85
876543210
881086277
887222238
888888886
888888888
897654321
897898896
9
900000000
900000001
900200001
9106202
9106462
9106478
9106845
9107004
9107016
9107287
9107295
9107313
9107339
9107341
9107379
9107382
9107527
9107576
9107587
9107606
9107615
9107621
9107625
9107629
9107634
9107670
9107775
9107784
9107794
9107813
9107817
9107857
9107861
9107881
9107884
9108306
9108316
9108330
9108347
9108361
9108373
9108377
9108386
9108394
915030172
920101116
94999
961118000
969048
970595141
982000000
98310883
98314576
98503521
987654321
987654322
987654324
99
990000002
990000015
990000018
992111870
992271115
992271116
992303005
992303006
992351217
992446005
992626001
992626002
992626003
992626004
992626005
992736002
992736003
992736004
992736005
993161010
993511001
993511002
993511003
993511004
993672082
993672084
993672087
993682024
993682090
993692021
993692022
993692047
994081002
994081017
994131661
994136303
994136306
994136307
994136310
994136311
994136312
994136313
994136314
994136315
994136316
994136317
994136318
994136319
994136320
994136321
994136322
994136323
994136324
994136325
994136455
994136504
994136508
994136510
994136514
994136601
994136602
994136622
994136623
994136626
994196001
994196002
994196003
994196004
994196005
994196006
994196007
994196008
994196009
994196010
994196011
994196012
994196014
994196015
994196017
994196018
994196019
994196020
994196021
994196022
994196023
994196024
994196025
994196026
994196027
994196028
994196031
994196032
994196037
994196038
994403594
995126086
997101009
997106002
997106003
997300122
997300173
997752317
999123456
999413092
9999
9999999
999999989
99999999
999999998
999999999