0
1
10
1000
100000000
100000001
100000002
100000003
100000009
100900000
100900001
100900002
100900003
100900004
100900005
100900007
100900008
100900009
100900010
100900011
100900012
100900014
100900018
100900019
100900025
100900027
100900032
100900104
100900200
100900517
100900821
100912003
100912345
1047111740
1059694652
107374182
1073741823
11
110000000
11020423
111000000
111100000
111111000
11111111
111111111
111111114
111111163
111111203
111111206
111111302
111111333
111112120
111222333
111850000
112233445
1193046
12
123
123443212
123451002
123456
1234567
12345678
123456780
123456788
123456789
123456888
123888888
13
14
144010004
15
150201002
16
16790
168
168000001
168168168
17415
174733737
178000301
190294278
2
200000000
200000001
200000008
200000009
200000011
200010068
200010109
200013579
200022541
200024943
200310
200804300
200912310
201006210
201204131
201208170
201211180
201509002
20202020
204225478
204588876
204600008
204601240
204701370
204701390
204708000
204811000
205008600
205029000
205045800
205048000
205049000
205051000
205057000
205063000
205072000
205085000
205111000
205146000
205175000
205177000
205188000
205193000
205200190
205233000
205234000
205245990
205250990
205252690
205256290
205262190
205288990
205295690
205298790
205298990
205300000
205309700
205335490
205336090
205337590
205338490
205344990
205348000
205351190
205353590
205360190
205365700
205369090
205384390
205388990
205391990
205393000
205393190
205393790
205394390
205400000
205414000
205415000
205416000
205434090
205436190
205446000
205446590
205452690
205453000
205457000
205457590
205461000
205465690
205466490
205475000
205479890
205483000
205488290
205490890
205493390
205502390
205505090
205505790
205505990
205506390
205507390
205508590
205510090
205513890
205515690
205521690
205528990
205531290
205532390
205535390
205535790
205537290
205538390
205541000
205545000
205552000
205557000
205559000
205591000
205592000
205593000
205594000
205604000
205616000
205619000
205628000
205665000
205706000
207224000
207622460
207822380
207832460
208720880
209040000
209042000
209070000
209071000
209073000
209075000
209081000
209083000
209116000
209119000
209126000
209204000
209207000
209249000
209255000
209312000
209349000
209350000
209440000
209467000
209491000
209514000
209534000
209696000
209762000
209778000
209832000
209851000
209854000
209857000
209870000
210035000
210057000
210133000
210167000
210169000
210188000
210226000
210239000
210279000
210349000
210381000
210440000
210481000
210509000
210537000
210538000
210548000
210631000
210725000
210727000
210744000
210842000
210982000
211000000
211002010
211024029
211032830
211113790
211116250
211124650
211141000
211147880
211149000
211149890
211151080
211152000
211157880
211163700
211168700
211168930
211171030
211172020
211173930
211177630
211177960
211178250
211181500
211181930
211181940
211181950
211184630
211184660
211185000
211186950
211187040
211188000
211188880
211189000
211190000
211196300
211202460
211202570
211202730
2112050
211205180
211207100
211208350
211208390
211208420
211208430
211208720
211209320
211214250
211214670
211214990
211215210
211215340
211216480
211216660
211218810
211219990
211222530
211222680
211222700
211222720
211222790
211222800
211222810
211223190
211223400
211223780
211224270
211224360
211224430
211225410
211225910
211226140
211226330
211226450
211226520
211226680
211226840
211226920
211227410
211228220
211230570
211230650
211231260
211231300
211231490
211231520
211232350
211232500
211232950
211233270
211233510
211233660
211234440
211235180
211235610
211239490
211242850
211242870
211245200
211245550
211247350
211263800
211263850
211265530
211265900
211266470
211270840
211272260
211272290
211278240
211281010
211282710
211283410
211283440
211283830
211284350
211286440
211286490
211288480
211290180
211290720
211290750
211294420
211298150
211298240
211298680
211303110
211303520
211312160
211315100
211316150
211318180
211318600
211318770
211324470
211327150
211327610
211328570
211331920
211333700
211334410
211337920
211338510
211343680
211349270
211349460
211360810
211363350
211366340
211373830
211377940
211384950
211386490
211386770
211394930
211411980
211417790
211419138
211428220
211430400
211431270
211431820
211436040
211437160
211437180
211437190
211437240
211437250
211437270
211437280
211437290
211437300
211437320
211437330
211437340
211437470
211440360
211440410
211440680
211443160
211444000
211445180
211445190
211445200
211445220
211448520
211456940
211457860
211462080
211464420
211464620
211466070
211468560
211470990
211471210
211471880
211472070
211472760
211472890
211473470
211474990
211476050
211476060
211476340
211477226
211484674
211486770
211488640
211492000
211492710
211493170
211497910
211506890
211507120
211507500
211508570
211509360
211510510
211511180
211511200
211511420
211511560
211511740
211511860
211512360
211512370
211512400
211512410
211512520
211512860
211513110
211513200
211513530
211514780
211514800
211515400
211516500
211517420
211518220
211518440
211518780
211519380
211519390
211519610
211519640
211519720
211519900
211520120
211520410
211520610
211523490
211523910
211526840
211527970
211529540
211529570
211529600
211534880
211535650
211535790
211537310
211537690
211537930
211539770
211539790
211539800
211541040
211544210
211545300
211546160
211546740
211548450
211549030
211549160
211549170
211551140
211551160
211553850
211553920
211555420
211559130
211560830
211570860
211578060
211587750
211588400
211588610
211589740
211589950
211589970
211590050
211590150
211590370
211590640
211591090
211591140
211591180
211591710
211593560
211594520
211594530
211594540
211595610
211599340
211601030
211602130
211602410
211611000
211611070
211611680
211612900
211614010
211617060
211623610
211624750
211624870
211625340
211625350
211626110
211626280
211626350
211627310
211627340
211627970
211628010
211634880
211637070
211643790
211647900
211649550
211651920
211652760
211653680
211656460
211658000
211664100
211665670
211666330
211667140
211667610
211667760
211667930
211669070
211669240
211674070
211676580
211676590
211681950
211682430
211684020
211690000
211691000
211693490
211693600
211695320
211696830
211696930
211699930
211701670
211701890
211703040
211704040
211710650
211715570
211717470
211722020
211727510
211727520
211740730
211743670
211744040
211744740
211748780
211750690
211751070
211751080
211752810
211755320
211755490
211755530
211759340
211759620
211760010
211760030
211761030
211762670
211764030
211765280
211766470
211766730
211770130
211770480
211772040
211772080
211772110
211772150
211772470
211772600
211774670
211777240
211778450
211779000
211781130
211781370
211782050
211876000
21193046
212004000
212008000
212105000
212193000
212209000
212222222
212267000
212274000
212300000
212333000
212345678
212368000
212400000
212403000
212454000
212467000
212499000
212510000
212561000
212589000
212638000
212690000
212719000
212733000
212848000
212882000
212917000
212937000
212949000
214182217
214182623
215039000
215228000
215891000
218063000
218098000
218172000
218257000
218413000
218439000
218533000
218552000
218627000
218764000
218767000
218779000
218795000
218799000
218807000
218817000
218824000
218830000
218832000
218833000
218847000
218855000
219000028
219000429
219000431
219000547
219000737
219000776
219000809
219000811
219000852
219000881
219000949
219001647
219001819
219002177
219002666
219002929
219003406
219003535
219004263
219005904
219006221
219006386
219007035
219009338
219011553
219012314
219012639
219014427
219014435
219014974
219015127
219015425
219015579
219016351
219016713
219017325
219017917
219018765
219018969
219019853
219020325
219020533
219020688
219022062
219022256
219023116
219023117
219083000
219230000
219257000
219268000
219282000
219285000
219332000
219378000
219416000
219423000
219432000
219461000
219514000
219539000
219570000
219590000
219592000
219612000
219622000
219657000
219663000
219667000
219730000
219777000
219864000
219945000
219954000
219964000
219965000
22
220157000
220198000
220284000
220343000
220443000
220465000
220486000
220489000
220504000
220516000
220577000
222000000
222222220
222222222
222222224
223344556
223456789
224005790
224020890
224032270
224049530
224094520
2241138
224132000
224142870
224197150
224209350
224233000
224239000
224288000
224289000
224342000
224380000
224402000
224463000
224654000
224696000
224704000
224718000
224752000
224830230
224892000
224918000
224929000
224931000
224941000
224987000
225374000
225968130
226000000
226002270
226006730
226006780
226009040
226010550
226011410
226247000
226273000
226323000
226327000
226328000
227000000
227003050
227006760
227006770
227006780
227022800
227023100
227023200
227023300
227024000
227050680
227069110
227235000
227273000
227278000
227286000
227289000
227364620
227393830
227397840
227464770
227471540
227574020
227580520
227729770
227782840
227812040
227819100
228006800
228008600
228022900
228050600
228066800
228071700
228080700
228085000
228111000
228160900
228179700
228237700
228263700
228284800
228287900
228296900
228323900
228324900
228337700
228340900
228344800
228349600
228356600
229027000
229044000
229061000
229095000
229097000
229213000
229227000
229288000
229294000
229310000
229336000
229368000
229398000
229423000
229450000
229467000
229470000
229472000
229489000
229521000
229533000
229538000
229541000
229548000
229568000
229571000
229581000
229611000
229613000
229615000
229616000
229620000
229625000
229667000
229668000
229737000
229801000
229858000
229862000
229906000
229954000
229960000
229976000
229981000
229985000
2300057
2300059
230006000
2300061
230006760
230007000
230008800
230011270
230011480
230017350
230018240
230018360
230021990
230025060
230031001
230035440
230038800
230052810
230085750
230093090
230093590
230107940
230108610
230110890
230113940
230117660
230172000
230180000
230181000
230185000
230226000
230235000
230279000
230361000
230368000
230618000
230623000
230624000
230628000
230629000
230631000
230632000
230634000
230636000
230637000
230642000
230644000
230651000
230652000
230653000
230915000
230917000
230926000
230927000
230939100
230942840
230948000
230956000
230981000
230981050
230982000
230982010
230987550
230992580
230992640
230992750
230992970
230994000
230994810
230995000
230995650
231013000
231053000
231108273
231146000
231156000
231219000
231251000
231261000
231356000
231745000
231807000
232000570
232001040
232001060
232001470
232001610
232001770
232002697
232002833
232002836
232003084
232003239
232003331
232004441
232006139
232006684
232007607
232007608
232008023
232008661
232008955
232010560
232010652
232079000
2320828
232470000
232765000
233009000
233261000
233550500
234567890
234567899
235000164
235001313
235001318
235001425
235001841
235002514
235005122
235009010
235009590
235010170
235010500
235010670
235012717
235014278
235014365
235014687
235018919
235021228
235022611
235028825
235031462
235031617
235032464
235032469
235037917
235054581
235054738
235055303
235058304
235059331
235059487
235060356
235061705
235062675
235064777
235065969
235066012
235067955
235068109
235068243
235068657
235069704
235069875
235069877
235070199
235070241
235070763
235073592
235074754
235075142
235076614
235076683
235080246
235080274
235082716
235082717
235082802
235084702
235089035
235089224
235089435
235089665
235090339
235091541
235091798
235092453
235092785
235093299
235093569
235094496
235096265
235098256
235098572
235099933
235101557
235101859
235102028
235102029
235102692
235103197
235107401
235108183
235108458
235108494
235109144
235109648
235109726
235110247
235110641
235111195
235111365
235113125
235113926
235114376
235114576
235114667
235114757
235118074
235118542
235449000
235665000
235766000
235900006
236111612
236111884
236111978
236385000
236403000
236435000
236465000
236507000
236511000
236529000
236542000
236543000
236603000
236684000
237008100
237030100
237133300
237280000
238118940
238154540
238160000
238249000
238292000
238318740
238337740
238351240
238404140
238453240
238823640
238936140
238991940
239670000
239786000
240000000
240013300
240069000
240133000
240189000
240246000
240370000
240389000
240503000
240510000
240612000
240742000
240783000
240815000
240837000
240846000
240932000
240969000
240971000
240980000
241000000
241008000
241048000
241069000
241087000
241108000
241116000
241159000
241209000
241238024
241298000
241319000
241330000
241334000
241370000
241397000
241428000
241431000
241490000
241505546
241509000
241516000
241525000
241526000
242000000
242176100
242177100
242999000
244006000
244010025
244010030
244010042
244010489
244010570
244010773
244010955
244010956
244010988
244013000
244020025
244020072
244020144
244020181
244020374
244020482
244020589
244020692
244020757
244020943
244026204
244030117
244030279
244030516
244030587
244030940
244050085
244050199
244050207
244050325
244050426
244050469
244050658
244056066
244060102
244060298
244060613
244060760
244060802
244060885
244060977
244061000
244070288
244070618
244070620
244070903
244070991
244073000
244090441
244090453
244090796
244090901
244100055
244100063
244110047
244110235
244110236
244110417
244110544
244123456
244126000
244127000
244130293
244130608
244130689
244130752
244130834
244130871
244130941
244140221
244140377
244140389
244140842
244167000
244180000
244180626
244198000
2442004
2442005
2442102
244215000
244230000
244260496
244260497
244274000
244296000
244357000
244387000
244398000
2444010
2444012
2444016
244430000
244452994
244453016
244453017
244453019
244453024
244453028
244453051
244469000
244509000
244528000
244536000
244538000
244554000
244573147
244573182
244584000
244592000
244595000
244602000
244603000
244615153
244615634
244615749
244615753
244615779
244616000
244617000
244619000
244620028
244620173
244620196
244620207
244620511
244620567
244620628
244620675
244620701
244620737
244620781
244620835
244620837
244620859
244620869
244620875
244620876
244620933
244620934
244620937
244620938
244620954
244620955
244620959
244620962
244620968
244620993
244621000
244626000
244630015
244630028
244630033
244630036
244630038
244630043
244630045
244630051
244630100
244630110
244630113
244630117
244630169
244630179
244630184
244630192
244630393
244630427
244630439
244630477
244630536
244630605
244630606
244630697
244630720
244630730
244630797
244645890
244650228
244650312
244650324
244650367
244650397
244650437
244650475
244650483
244650537
244650575
244650579
244650588
244650593
244650603
244650607
244650618
244650632
244650690
244650709
244650746
244650752
244650753
244650754
244650794
244650808
244650814
244650824
244650846
244650878
244650879
244650917
244650934
244650942
244650960
244650974
244650985
244650986
244650988
244650990
244650993
244660001
244660009
244660032
244660066
244660083
244660086
244660087
244660097
244660111
244660134
244660136
244660160
244660172
244660181
244660196
244660206
244660214
244660215
244660222
244660229
244660232
244660242
244660253
244660261
244660262
244660264
244660287
244660298
244660341
244660374
244660391
244660392
244660400
244660406
244660408
244660412
244660414
244660418
244660474
244660482
244660483
244660487
244660491
244660498
244660499
244660518
244660532
244660536
244660564
244660565
244660572
244660598
244660611
244660626
244660639
244660656
244660713
244660729
244660738
244660746
244660747
244660815
244660818
244660833
244660848
244660885
244660891
244660892
244660919
244660944
244660951
244660974
244660976
244660997
244670003
244670011
244670014
244670016
244670022
244670040
244670043
244670063
244670074
244670077
244670078
244670081
244670084
244670094
244670095
244670097
244670100
244670102
244670111
244670113
244670114
244670124
244670126
244670138
244670139
244670171
244670174
244670194
244670274
244670295
244670304
244670319
244670350
244670362
244670386
244670408
244670420
244670421
244670454
244670460
244670518
244670538
244670566
244670648
244670653
244670658
244670723
244670725
244670733
244670741
244670766
244670770
244670780
244670789
244670797
244670837
244670869
244670871
244670927
244670932
244670973
244670998
244670999
244686000
244690002
244690030
244690076
244690116
244690117
244690118
244690212
244690298
244690316
244690328
244690362
244690407
244690411
244690451
244690453
244690454
244690455
244690475
244690484
244690485
244690486
244690643
244690650
244690719
244690784
244690843
244690901
244690915
244690919
244690922
244690990
244690991
244690993
244690996
244692000
244699000
244700012
244700025
244700038
244700123
244700125
244700131
244700144
244700145
244700178
244700207
244700271
244700288
244700318
244700322
244700326
244700361
244700388
244700400
244700410
244700416
244700448
244700494
244700495
244700496
244700498
244700501
244700504
244700506
244700519
244700532
244700534
244700644
244700651
244700668
244700688
244700689
244700714
244700726
244700764
244700770
244700771
244700797
244700809
244700811
244700833
244700837
244700863
244700917
244700948
244700959
244700985
244700986
244700991
244708000
244710009
244710036
244710091
244710126
244710173
244710182
244710183
244710206
244710207
244710226
244710238
244710286
244710313
244710330
244710343
244710352
244710353
244710367
244710378
244710393
244710406
244710415
244710428
244710444
244710479
244710522
244710703
244710708
244710739
244710762
244710833
244710864
244710865
244710870
244710871
244710873
244710874
244710879
244710890
244710903
244710949
244710971
244711426
244718000
244719000
244730044
244730083
244730091
244730092
244730103
244730117
244730148
244730153
244730205
244730297
244730468
244730469
244730648
244730696
244730760
244730796
244730818
244730912
244730993
244740079
244740080
244740096
244740142
244740200
244740232
244740304
244740306
244740307
244740354
244740441
244740452
244740488
244740574
244740602
244740706
244740894
244750018
244750019
244750043
244750116
244750119
244750160
244750240
244750263
244750276
244750286
244750339
244750393
244750412
244750429
244750431
244750433
244750434
244750482
244750496
244750498
244750556
244750563
244750616
244750633
244750641
244750685
244750687
244750688
244750689
244750690
244750691
244750692
244750694
244750715
244750716
244750742
244757000
244758000
244770063
244770080
244770089
244770115
244770199
244770241
244770251
244770329
244770498
244770521
244770542
244770631
244770727
244770733
244770997
244772000
244780012
244780024
244780077
244780126
244780138
244780166
244780213
244780214
244780264
244780327
244780346
244780351
244780360
244780376
244780377
244780380
244780386
244780387
244780522
244780549
244780551
244780626
244780631
244780637
244780655
244780726
244780738
244780739
244780795
244780802
244780869
244780876
244780962
244790087
244790145
244790510
244790541
244790610
244790684
244792000
244795000
244810184
244810225
244810692
244810900
244820145
244820146
244820227
244820283
244820294
244820296
244820297
244820298
244820299
244820369
244820404
244820418
244820548
244830366
244830512
244830522
244830541
244830609
244830745
244830802
244830808
244830810
244830813
244830861
244836000
244850094
244850141
244850156
244850336
244850441
244850557
244850565
244850620
244850765
244850894
244850968
244850974
244860007
244860278
244860282
244860382
244860383
244860456
244860471
244860472
244860573
244860670
244860679
244860892
244870016
244870060
244870156
244870223
244870237
244870287
244870324
244870446
244870481
244870486
244870574
244870671
244870753
244870759
244870881
244870897
244870932
244870936
244876000
244886000
244890219
244890266
244897000
244900019
244900082
244900091
244900124
244912000
244923000
244957000
244958000
244964000
244979000
244980000
245059000
245078000
245084000
245088000
245108000
245175000
245209000
245248000
245261000
245272000
245285000
245349000
245354000
245381000
245385000
245398000
245405000
245418000
245451000
245453000
245489000
245494000
245498000
245516000
245548000
245551000
245562000
245569000
245580000
245585000
245586000
245617000
245656000
245670000
245681000
245723000
245739000
245745000
245766000
245807000
245809000
245866000
245882000
245884000
245906000
245907000
245910000
245925000
245931000
245968000
246017000
246046000
246060000
246067000
246082000
246085000
246087000
246091000
246115000
246124000
246128000
246137000
246141000
246154000
246171000
246187000
246232000
246255000
246300000
246316000
246333000
246337000
246346000
246361000
246363000
246384000
246386000
246389000
246392000
246419000
246436000
246442000
246454000
246497000
246502000
246514000
246517000
246518000
246521000
246569000
246573000
246604000
246609000
246642000
246650000
246657000
246670000
246683000
246713000
246719000
246741000
246785000
246836000
246852000
246862000
246866000
246881000
247015400
247027500
247041900
247044300
247046600
247046700
247046800
247049800
247055880
247061600
247078800
247097200
247098900
247106900
247116600
247117300
247118400
247121100
247129000
247142000
247160400
247222500
247222900
247237200
247237300
247256000
247264700
247266300
247273800
247279600
247285700
247286100
247286700
247287200
247300000
247302100
247303300
247304600
247304700
247306200
247310400
247311500
247311700
247312900
247313300
247315500
247320600
247330800
247341100
247341300
247341500
247341700
247352300
247353800
247354500
247370400
247372400
247373600
247374600
247385600
247599000
247616000
248053000
248078000
248114000
248115000
248133000
248141000
248162000
248172000
248177000
248218000
248261000
248289000
248294000
248314000
248340000
248352000
248402000
248403000
248509000
248572000
248574000
248589000
248701000
248901000
249005000
249139000
249140000
249141000
249161000
249169000
249205000
249239000
249240000
249252000
249267000
249268000
249374000
249400000
249412000
249436000
249444000
249486000
249495000
249500000
249501000
249518000
249525000
249526000
249531000
249532000
249533000
249570000
249597000
249611000
249679000
249693000
249785000
249787000
249795000
249851000
249875000
249910000
249958000
250002686
250004208
251021110
251023110
251027110
251035000
251039110
251040000
251045000
251047110
251052110
251062110
251081110
251084110
251087110
251102000
251123000
251145110
251151000
251153000
251154440
251155000
251157840
251161840
251162240
251162340
251182110
251184740
251188540
251188740
251189840
251194110
251197110
251224110
251226000
251232110
251233110
251244110
251249110
251250110
251257110
251267110
251278110
251284110
251287110
251288000
251296440
251298110
251299110
251302440
251304110
251304740
251318000
251330110
251346240
251348540
251361940
251375940
251402110
251402740
251414000
251417110
251420000
251428000
251447110
251449110
251453000
251465740
251466640
251467110
251468000
251473440
251477440
251480110
251482000
251489540
251490110
251493110
251495110
251505340
251521110
251524000
251540110
251540540
251550110
251582540
251591110
251598110
251609000
251710110
251712110
251718000
251722110
251723110
251745000
251763110
251775110
251781110
251783110
251793240
251834540
251835940
251836240
251838540
251839270
251841270
251842670
251842840
251844940
251848270
251848640
251848740
251848970
251850110
251851940
253098000
253114000
253136000
253141000
253179000
253198000
253217000
253223000
253242302
253248000
253296000
253326000
253336000
253339000
253378000
253431000
253443000
253525000
254742000
255801380
255801580
255804790
255805350
255805360
255805552
255805555
255805557
255805571
255805590
255805592
255805593
255805594
255805600
255805619
255805620
255805625
255805650
255805672
255805681
255805696
255805698
255805699
255805759
255805764
255805771
255805778
255805793
255805828
255805836
255805837
255805838
255805840
255805854
255805855
255805864
255805865
255805881
255805882
255805883
255805884
255805891
255805896
255805897
255805899
255805908
255805909
255805932
255805933
255805961
255805963
255806006
255806011
255806013
255806038
255806048
255806064
255806068
255806092
256028000
256044000
256050000
256219000
256246000
256284000
256313000
256334000
256408000
256426000
256462000
256475000
256523000
256547000
256553000
256566000
256735000
256758000
256759000
256816000
256832000
256858000
256876000
256940000
256947000
256968000
257000210
257001960
257002590
257003970
257006099
257006300
257006840
257007520
257007900
257008000
257008300
257013400
257013420
257013470
257013700
257014400
257015640
257015700
257015850
257016340
257017340
257018140
257023540
257026800
257026930
257028700
257030540
257034840
257036200
257040600
257048700
257050400
257050440
257054000
257056040
257058500
257059600
257060500
257063600
257066700
257071700
257072000
257072600
257075500
257077240
257078000
257078400
257083040
257084340
257092500
257107040
257108000
257110700
257111240
257111940
257114000
257114400
257116000
257117000
257117500
257118000
257119000
257123320
257124400
257124920
257125000
257134400
257144700
257145000
257152000
257152520
257157320
257160400
257161700
257163000
257164600
257164700
257166000
257168000
257169200
257170400
257179000
257180000
257182000
257183500
257191000
257191020
257196000
257198000
257200000
257201000
257202560
257207000
257207400
257209600
257211000
257216700
257217000
257219000
257219400
257220000
257222620
257223620
257224020
257225800
257226000
257227000
257228000
257229000
257230000
257231500
257233400
257234000
257235600
257236400
257236700
257238000
257243500
257245220
257249000
257254920
257255000
257256000
257259400
257262000
257265000
257266500
257267500
257273400
257274000
257275400
257276000
257276400
257277400
257280000
257282400
257284600
257285400
257287000
257289320
257294800
257297000
257297400
257298600
257298900
257300500
257302500
257304900
257306400
257309440
257310400
2573105
257310500
2573115
257312540
257312920
257321000
257322400
257330800
257332400
257333000
257338000
257340400
257342700
257347000
257349400
257349820
257355400
257362500
257363500
257364400
257366000
257367000
257368500
257369000
257375400
257377500
257381400
257392400
257395500
257398700
257399400
257408000
257409500
257412620
257413500
257415920
257417000
257420000
257421000
257421500
257422000
257424000
257429900
257435500
257436500
257436720
257444600
257445500
257446500
257447020
257448500
257454000
257455900
257456500
257457000
257458500
257463500
257465800
257471500
257472000
257482600
257485600
257488002
257490700
257504700
257506700
257513000
257516800
257517000
257518000
257518800
257520800
257522600
257523500
257526600
257530500
257530900
257531600
257532600
257536700
257549000
257551000
257555500
257559000
257560900
257563800
257564000
257564600
257565600
257570600
257576500
257577500
257582600
257584600
257586600
257589600
257592500
257592700
257593600
257594600
257597000
257602250
257603000
257614000
257629000
257634800
257639500
257641000
257641500
257653600
257654700
257659000
257659800
257667600
257668000
257681500
257683600
257683800
257684700
257689500
257695800
257712000
257716000
257725000
257739500
257739700
257741000
257744900
257754500
257763690
257773500
257774600
257778000
257781000
257782600
257785000
257785500
257786700
257788700
257789500
257797000
257806500
257808000
257809500
257820000
257827000
257834500
257835500
257837000
257840910
257842500
257845600
257846600
257846800
257847600
257850500
257852000
257855000
257863500
257869000
257876900
257878470
257884500
257888500
257892500
257899700
257902000
257906000
257912700
257914000
257916600
257928800
257929500
257939500
257948800
257949600
257958900
257964500
257964900
257978500
257982900
257990000
257991800
257996000
257997000
257999000
257999349
257999790
2579999
258007000
258009500
258011000
258014000
258027500
258029000
258032500
258036000
258037000
258046000
258048000
258053000
258062000
258064000
258067000
258072500
258073000
258074000
258084230
258088000
258088500
258090000
258091000
258098000
258098500
258099000
258108500
258110570
258114570
258114840
258122980
258127000
258128000
258129000
258139000
258144000
258145070
258145500
258147000
258149000
258151880
258157000
258168000
258170360
258174000
258177000
258193000
258198000
258207000
258208260
258208360
258219000
258220500
258223000
258228000
258232000
258235500
258236000
258243500
258244000
258247000
258250000
258263500
258269500
258282000
258293000
258296000
258297000
258301000
258301500
258303000
258305000
258306500
258308000
258310000
258316000
258317000
258323000
258327000
258330500
258349000
258352500
258354500
258356000
258357000
258359500
258381000
258387000
258392000
258408000
258416000
258423000
258424000
258433000
258434000
258452000
258461000
258464000
258476000
258477000
258488000
258489000
258498000
258499000
258500000
258503000
258505000
258507000
258509000
258524000
258528000
258529000
258535000
258551000
258558000
258571000
258584000
258593000
258598000
258599000
258634844
258663000
258672000
258713000
258727000
258758000
258759000
258771000
258772000
258776000
258778000
258791000
258799000
258821000
258841000
258844000
258873000
258901000
258908000
258914000
258932000
258943000
258944000
258962000
258968000
258984000
258999189
259076000
259078000
259085000
259091000
259092000
259094000
259097000
259098000
259104000
259119000
259120000
259130000
259131000
259137000
259153000
259171000
259186000
259193000
259208000
259210000
259215000
259216000
259221000
259222000
259225000
259228000
259237000
259245000
259252000
259253000
259260000
259261000
259274000
259278000
259279000
259307000
259310000
259320000
259322000
259335000
259336000
259344000
259356000
259371000
259386000
259387000
259393000
259395000
259397000
259401000
259416000
259423000
259425000
259427000
259432000
259436000
259456000
259468000
259472000
259475000
259496000
259501000
259503000
259520000
259521000
259526000
259529000
259530000
259537000
259539000
259551000
259558000
259560000
259562000
259591000
259592000
259593000
259595000
259599000
259604000
259609000
259610000
259612000
259617000
259623000
259634000
259638000
259649000
259650000
259656000
259666000
259668000
259674000
259677000
259697000
259758000
259827000
259855000
259917000
259955000
259959000
259963000
259976000
259983000
259987000
259988000
259991000
259994000
261000140
261000200
261000210
261000320
261001250
261001880
261003330
261007370
261012580
261018610
261019170
261024110
261027110
261028820
261036130
261182606
261182607
261199000
261482000
2614900
261521000
261535000
261536000
262626262
263241000
263564000
263576000
263583000
263602566
263701890
264162116
264162123
264162218
264162254
264163180
264163194
264402009
264900043
264900046
264900073
264900111
264900197
264900215
264900239
264900253
264900262
264900301
264900318
264900321
265001000
265004000
265010000
265041000
265150000
265177000
265280000
265292000
265339000
265349000
265360000
265410000
265411000
265413000
265463000
265472000
265509140
265509710
265509950
265511420
265511830
265512110
265513160
265513810
265514060
265514130
265514860
265516670
265518160
265518880
265520420
265522210
265522220
265522540
265522680
265522690
265522700
265523070
265524530
265527920
265530870
265530880
265531370
265532300
265546890
265546910
265546920
265546940
265547230
265547240
265547250
265547260
265548350
265549760
265550210
265553970
265561620
2655619
265563050
265568280
265568570
265579090
265581970
265585310
265585590
265585610
265585630
265586090
265587000
265588910
265588920
265593530
265600140
265604550
265604560
265604580
265607720
265609960
265610870
265610940
265612300
265624900
265626500
265627630
265629200
265647200
265649900
265650820
265650950
265650970
265663280
265663480
265665550
265669960
265670330
265685660
265698740
265701610
265704000
265724260
265738540
265739650
265754770
265760070
265760610
265762030
265763030
265767620
265775230
265785410
265786000
265866000
265874000
266017000
266018000
266027000
266065000
266077000
266148000
266210000
266212000
266225000
266232000
266239000
266248000
266252000
266261000
266262000
266301000
266308000
266314000
266331000
266343000
266384000
266421000
266424000
266442000
266447000
266448000
268
268168
268268268
269057123
269057259
269057316
269057328
269057336
269057405
269057496
269057548
269057586
269144000
271000000
271000743
271000871
271000936
271000975
271000976
271001039
271002488
271002491
271002561
271002578
271002615
271010014
271010366
271010731
271040024
271040248
271040254
271040319
271042599
271042638
271042939
271042993
271043393
271043476
271043664
271044056
271044109
271044446
271045258
271056001
271072069
271123456
272000000
272005800
272006200
272016800
272034500
272106900
272113500
272130100
272137700
272157300
272208000
272364000
272384000
272441000
272593000
272597000
272627000
272628000
272645000
272683000
272697000
272700000
272720000
272750000
272762000
272773000
272978000
273000000
273000001
273000002
273000003
273000005
273111000
273111111
273123000
273123456
273137200
273148810
273152100
273152800
273153100
273154000
273155500
273156000
273192000
273195000
273196000
273213300
273217700
273246800
273295700
273298600
273310710
273312620
273312780
273313400
273314730
273314870
273315070
273315400
273315660
273315930
273316240
273316460
273317270
273317810
273317910
273318420
273318530
273318750
273319160
273319750
273319940
273323360
273324360
273324460
273325150
273325390
273325460
273326320
273326560
273326830
273331420
273331750
273331920
273332140
273332320
273332640
273332730
273333950
273334130
273334570
273335530
273335710
273335930
273338060
273339860
273348570
273349020
273349800
273350160
273350220
273350410
273350670
273351590
273351610
273352280
273353250
273353470
273353480
273353670
273353770
273353940
273354210
273354420
273354540
273355290
273355460
273355640
273355700
273355780
273355820
273355950
273356180
273356450
273356950
273357510
273358030
273358190
273358350
273358500
273358880
273359440
273359670
273359870
273360360
273360480
273362580
273362790
273363370
273363480
273363680
273367360
273371120
273372960
273373270
273373370
273373520
273373720
273374140
273374330
273374520
273376220
273376840
273377030
273377650
273378180
273378390
273379670
273380310
273380700
273380810
273382140
273382920
273384120
273384330
273384430
273384970
273385230
273385300
273386020
273386110
273386850
273387700
273387810
273389220
273389300
273389550
273390190
273390270
273390640
273392020
273393010
273393530
273394060
273395250
273396090
273396110
273396190
273397190
273397740
273398160
273398790
273398890
273399090
273399160
273413400
273420170
273420420
273423350
273423940
273424720
273426110
273426540
273430960
273431060
273431440
273431450
273434010
273435190
273435390
273436830
273438920
273440100
273440900
273441620
273441940
273442050
273442530
273442920
273442990
273443140
273443220
273443890
273444710
273445220
273445880
273445890
273446150
273446670
273447260
273447520
273447610
273447780
273449020
273449510
273452130
273452670
273452930
273453320
273453430
273453660
273453770
273454420
273454430
273454600
273455960
273456230
273458560
273458950
273459300
273459330
273459430
273513600
273523100
273540330
273550600
273555500
273556666
273826910
273841710
273880100
273890100
273890200
273897000
2739999
273999991
275049148
275084000
275282000
275305000
275325000
275347000
275353000
275439000
275449000
275455000
275478000
275481000
276260000
276329000
276342000
276415000
276458000
276462000
276519000
276554000
276585000
276645000
276672000
276718000
276756000
276776000
276779000
276780000
276797000
276806000
276807000
276815000
276817000
276830000
276835000
277006000
277291000
277385000
277425000
277449000
277459000
277461000
277464000
277486000
277493000
277526000
277540000
277541000
277545000
278037000
278645000
282568966
3
300000000
304010376
304010995
304020821
304039000
304056000
304068000
304080000
304080887
304214000
304374000
304496000
304509000
304585000
304664000
304771000
304811000
304880000
304882000
304922000
304991000
305081000
305108000
305149000
305155000
305262000
305264000
305268000
305270000
305287000
305293000
305299000
305385000
305411000
305513000
305542000
305558000
305575000
305576000
305592000
305600000
305627000
305649000
305654000
305662000
305682000
305688000
305697000
305756000
305760000
305772000
305779000
305824000
305838000
305859000
305886000
305904000
305978000
305982000
305994000
306009000
306093000
306102000
306109000
306337000
306862000
308000004
308022000
308094000
308188000
308198000
308214000
308228000
308293000
308315000
308322000
308399000
308654000
308667000
308668000
308785000
308789000
308803000
308847000
308971000
309131000
309224000
309272000
309281000
309336000
309401000
309536000
309577000
309716000
309785000
309839000
310000000
310438000
310484000
310495000
310504000
310510000
310556000
310637000
310644000
310652000
310657000
310696000
310722000
310731000
310757000
310768000
311000083
311000092
311000094
311000097
311000164
311000193
311000243
311000253
311000269
311000285
311000304
311000317
311000330
311000339
311000413
311000459
311000464
311000512
311000554
311000622
311000628
311000672
311000673
311000680
311000681
311000682
311000683
311001100
311002600
311004900
311007200
311024400
311027000
311027800
311030700
311030800
311036800
311037300
311038100
311038400
311038600
311039200
311041200
311041300
311043200
311043300
311044100
311044200
311049400
311050400
311052000
311053200
311053400
311054700
311055900
311057100
311058100
311060200
311060300
311062200
311062400
311063900
311076400
311222333
311223000
311315000
311461000
311578000
311664000
311665000
311675000
311676000
311773000
311783000
311794000
311821000
311852000
311931000
311996000
312100000
312237000
312262000
312288000
312344000
312372000
312391000
312420384
312492000
312595000
312604000
312610000
312613000
312639000
312677000
312854000
312864000
312921000
314096000
314238000
314266000
314292000
314294000
314427000
314437000
314953527
316001002
316003380
316003790
316003980
316005178
316006025
316006460
316007853
316009049
316011358
316011760
316011810
316011910
316012539
316013000
316013075
316013210
316013290
316013356
316013370
316013740
316013808
316014110
316014140
316014240
316014341
316015133
316015251
316018378
316019244
316023718
316023959
316025676
316033407
316034881
316035119
316050000
316057000
316072000
316100000
316133000
316163000
316303000
316323000
316337000
319002500
319004100
319013500
319024600
319029800
319039800
319046900
319057600
319073100
319095100
319095300
319111300
319122400
319122500
319264000
319349000
319404000
319440000
319581000
319732000
319819000
319866000
319904000
319922000
321
321456789
323232323
323456789
325289000
325350000
325741000
329001200
329002300
329886281
33
331000056
331000074
331000092
331000392
331011000
331036000
331061000
331142000
331155000
331168000
331180000
331197000
331209000
331213000
331218000
331238000
331394000
331458000
331480000
331569000
331577000
331608000
331613000
331634000
333333333
335889000
338123353
338139461
338153000
338211341
338233936
338447000
338517000
338806000
338860000
338929000
3390
339204931
339213465
339213508
339214032
339377000
341095000
341128000
341138000
341376000
341449000
341504000
341537000
341632000
341784000
341824000
341992000
345000000
345000001
345010033
345050029
345110016
345160013
345200021
349052425
35
351010000
351052000
351060000
351136000
351175000
351217000
351248000
351251000
351315000
351355000
351405000
351634000
351653000
351698000
351713000
351755000
351757000
351782000
351800000
351923000
352039000
352090000
352134000
352135000
352231000
352270000
352275000
352290000
352335000
352349000
352358000
352386000
352485000
352594000
352619000
352684000
352688000
352692000
352718000
352757000
352775000
352780000
352784000
352814000
352837000
352842000
352859000
352873000
352892000
352957000
352971000
352983000
353027000
353070000
353083000
353206000
353249000
353290000
353306000
353402000
353446000
353579000
353613000
353628000
353632000
3536806
353686000
353702000
353831000
353835000
353862000
353884000
353922000
353929000
353933000
353973000
354048000
354075000
354123000
354124000
354133000
354150000
354180000
354196000
354205000
354206000
354212000
354215000
354289000
354292000
354304000
354340000
354365000
354375000
354415000
354433000
354444000
354494000
354497000
354510000
354526000
354587000
354610000
354622000
354644000
354668000
354737000
354760000
354762000
354785000
354807000
354857000
354871000
354872000
354889000
354891000
354921000
354934000
354942000
354951000
354963000
354974000
355026000
355036000
355055000
355088000
355113000
355185000
355187000
355214000
355305000
355321000
355377000
355378000
355386000
355406000
355410000
355422000
355471000
355488000
355519000
355522000
355526000
355572000
355576000
355584000
355649000
355677000
355702000
355773000
355801000
355806000
355813000
355823000
355844000
355871000
355872000
355876000
355893000
355925000
355935000
355948000
355962000
355979000
355985000
355994000
356086000
356102000
356144000
356258000
356286000
356312000
356330000
356340000
356353000
356361000
356362000
356369000
356371000
356380000
356453000
356466000
356514000
356562000
356593000
356745000
356794000
356864000
356875000
356942000
356946000
356984000
356986000
357002000
357015000
357026000
357083000
357096000
357106000
357142000
357149000
357252000
357285000
357291000
357320000
357329000
357332000
357382000
357396000
357422000
357498000
357542000
357562000
357563000
357611000
357694000
357757000
357773000
357790000
357798000
357835000
357840000
357853000
357887000
357920000
357977000
357993000
361111111
362000000
362011000
362015000
362024000
362025000
362030000
366029970
366379000
366386000
366516380
366576000
366603000
366609000
366665000
366693850
366725230
366757000
366765570
366782000
366828620
366839000
366841000
366857410
366884240
366898420
366920340
366926920
366943490
366952790
366952870
366952890
366966210
366998520
366998820
367000110
367000120
367000150
367002350
367006310
367006620
367016420
367029020
367029470
367031390
367032830
367059260
367061930
367061980
367073370
367078850
367082130
367097970
367100060
367128950
367139590
367141210
367161940
367174670
367186000
367199860
367211000
367220000
367221000
367300350
367314530
367318000
367325130
367328780
367335830
367344000
367348000
367351520
367356580
367376440
367379670
367388340
367400220
367411970
367458880
367472930
367473510
367473520
367479630
367482830
367492890
367496749
367500750
367509850
367513050
367513240
367519290
367529770
367543070
367553370
367589310
367589530
367590860
367602520
367605850
367636710
367643790
367653620
367665030
367691280
367693850
367696080
367704430
367704620
367706270
367713630
367741150
367741210
368000940
368138000
368470000
368515000
369170000
369230000
369323000
369327000
369462000
369970121
369970576
370001000
370076000
370095000
370096000
370120000
370170000
370178000
370247000
370271000
370308000
370346000
370356000
370453000
370484000
370508000
370522000
370565000
370572000
370613000
370674000
370699000
370754000
370774000
370797000
370852000
370874000
370941000
371003000
371038000
371057000
371129000
371177000
371290000
371398000
371420000
371437000
371443000
371463000
371495000
371519000
371549000
371590000
371602000
371633000
371674000
371691000
371789000
371803000
371812000
371838000
371861000
371897000
371900000
371910000
371932000
371936000
371941000
371965000
372022000
372044000
372045000
372100000
372121000
372123000
372191000
372230000
372240000
372297000
372314000
372322000
372328000
372336000
372355000
372358000
372363000
372393000
372404000
372409000
372453000
372514000
372523000
372532000
372620000
372747000
372883000
372921000
373041000
373057000
373059000
373085000
373176000
373194000
373210000
373231000
373275000
373289000
373302000
373325000
373344000
373398000
373408000
373428000
373497000
373548000
373562000
373640000
373650000
373695000
373703000
373740000
373765000
373774000
373781000
373795000
373821000
373871000
373880000
373909000
373968000
374008000
374069000
374079000
374084000
374203000
374240000
374249000
374289000
374298000
374361000
374407000
374423000
374464000
374507000
374552000
374566000
374570000
374586000
374602000
374727000
374734000
374779000
374810000
374865000
374875000
374883000
374940000
374946000
374956000
374968000
374969000
374994000
375106000
375206000
375308000
375332000
375404000
375446000
375539000
375572000
375615000
375616000
375799000
375804000
375863000
376011000
376091000
376175000
376216000
376309000
376371000
376372000
376374000
376397000
376436000
376492000
376496000
376624000
376639000
376807000
376913000
376991000
377062000
377138000
377256000
377288000
377389000
377549000
377631000
377662000
377732000
377752000
377901039
377901071
377906047
377924000
378112306
378112811
378391000
4
400000000
403000000
403000001
403518000
403544000
403557000
403558000
403560000
403561000
403588000
403638000
408826000
410000000
411111111
412000000
412000001
412000002
412000003
412000004
412000005
412000006
412000007
412000008
412000009
412000011
412000012
412000013
412000016
412000018
412000058
412000068
412000087
412000088
412000099
412000111
412000123
412000222
412000333
412000444
412000666
412000812
412000888
412000999
412001510
412001580
412004321
412006688
412008333
412008888
412009088
412010101
412010201
412010202
412011000
412011060
412012345
412020172
412020202
412024550
412030000
412030303
412035110
412035305
412040404
412044103
412044510
412045811
412050150
412050505
412055880
412056001
412085118
412088888
412090909
412100861
412110110
412110175
412111111
412111231
412111999
412118691
412121761
412123321
412123456
412123457
412160101
412160302
412200015
412200146
412207000
412208660
412208780
412209073
412209157
412214860
412222222
412233221
412234567
412253621
412270002
412271490
412273506
412280954
412280958
412280994
412288888
412300000
412300210
412301040
412302160
412312345
412320000
412320028
412322062
412322222
412323232
412325620
412326863
412326864
412326888
412328741
412328759
412328763
412328786
412328795
412329406
412329421
412329463
412331076
412331077
412331078
412331079
412331530
412333333
412335577
412345678
412345679
412349055
412350000
412352380
412354056
412354153
412354154
412354269
412354445
412355588
412355668
412356789
412356879
412361860
412362040
412366190
412370007
412370008
412371081
412371204
412371205
412375110
412377310
412381050
412388888
412400000
412400155
412403080
412411012
412412412
412420001
412420062
412420197
412420213
412420214
412420229
412420254
412420276
412420313
412420383
412420384
412420405
412420406
412420418
412420432
412420448
412420454
412420455
412420459
412420462
412420501
412420504
412420539
412420561
412420596
412420622
412420644
412420677
412420688
412420691
412420787
412420789
412420804
412420805
412420807
412420821
412420847
412420908
412420913
412420922
412420924
412420927
412420931
412420934
412420955
412420956
412420961
412420967
412420969
412420972
412420973
412420974
412420979
412420983
412420994
412421003
412421013
412421014
412421016
412421017
412421018
412421019
412421033
412421037
412421038
412421039
412421042
412421065
412421356
412422693
412422694
412422695
412422696
412422706
412423606
412430070
412432280
412440000
412440029
412440037
412440039
412440066
412440269
412440514
412440555
412440558
412440805
412440806
412441060
412450000
412456789
412458888
412460000
412460002
412460022
412460279
412461317
412463406
412466000
412468376
412468590
412470450
412470887
412472870
412476657
412477240
412481102
412482958
412488888
412501830
412520150
412524240
412532000
412553920
412555555
412555666
412567890
4125712
412588888
412591150
412592390
412592710
412596333
412608195
412608366
412666000
412666666
412666931
412679190
412679210
412695710
412697270
412699510
412701490
412703860
412705310
412750271
412755540
412756150
412760990
412763760
412765420
412766350
412766470
412786000
412800000
412855000
412888887
412888888
412897884
412946000
412999888
412999912
412999999
413000000
413000001
413000002
413000003
413000006
413000008
413000009
413000012
413000018
413000088
413000097
413000098
413000222
413000328
413000880
413000888
413001000
413007899
413008208
413010020
413021230
413024530
413024560
413031010
413035070
413045678
413052570
413058000
413060000
413066666
413088888
413089000
413093816
413111111
413123456
413200000
413201110
413222222
4132387
413270220
413270770
413289000
413300000
413302640
413302980
413304270
413305670
413325160
413328670
413333333
413359240
413359840
413365150
413366670
413368170
413375380
413400250
413401210
413413413
413433180
413442610
413444280
413454310
413455150
413456789
413459180
413460000
413460380
413463540
413465680
413473180
413473190
413473210
413473370
413478230
413479190
413479470
413479910
413500000
413501640
413505590
413507510
413510760
413553310
413555555
413555888
413562000
413566666
413577000
413588888
413591450
413620650
413639000
413666666
413681559
413690240
413695410
413700010
413761747
413763721
413768368
413768622
413769071
413770000
413770826
413772682
413773723
413774502
413775132
413775221
413776692
413777098
413777734
413777777
413778432
413778445
413779471
413780000
413781019
413781023
413781764
413782058
413782134
413782363
413782414
413782458
413782704
413782708
413782874
413783656
413784177
413784716
413784806
413785071
413785234
413785945
413786034
413786128
413786411
413787133
413787286
413787817
413788827
413790871
413792148
413792821
413792842
413793755
413794075
413795274
413796086
413800000
413800008
413800064
413800089
413800103
413800129
413800431
413800461
413800476
413800622
413800814
413801212
413801414
413801415
413801516
413801578
413801611
413801714
413801734
413801744
413801825
413801888
413801893
413801903
413801971
413802014
413802221
413802268
413802675
413802763
413802817
413802818
413802908
413802913
413803328
413803329
413803423
413804138
413804248
413804293
413804439
413804535
413804564
413804665
413804786
413805013
413805949
413805982
413806162
413806208
413806339
413806502
413806999
413807011
413807033
413807438
413807502
413808425
413809065
413810285
413810444
413811226
413811333
413811419
413812013
413812104
413812258
413812467
413812479
413812616
413812709
413812742
413812782
413812805
413812826
413812948
413813000
413813196
413813579
413814014
413814427
413815052
413815511
413815936
413816204
413816299
413816605
413816718
413816973
413817242
413818012
413818917
413819216
413820000
413820166
413820764
413820832
413821561
413821718
413821756
413821822
413822207
413822279
413822599
413822602
413823048
413824236
413824316
413825256
413825279
413825439
413826076
413826172
413826299
413827166
413827427
413827432
413827434
413827448
413827557
413828261
413828463
413828782
413829028
413829029
413829714
413829817
413830605
413831289
413832004
413832099
413832237
413832263
413832574
413832607
413832713
413832995
413833094
413833194
413833363
413833555
413833805
413833806
413833817
413833846
413834008
413834541
413834916
413836005
413836006
413854121
413858989
413859296
413860000
413860439
413861053
413861839
413862103
413862201
413879000
413880000
413888888
413897000
413900000
413900695
413904169
413904553
413904644
413906457
413906535
413912152
413915000
413932429
413950339
413952011
413952567
413952826
413955588
413955591
413956206
413957892
413960000
413960098
413964961
413966129
413971000
413971315
413971689
413972607
413973000
413985212
413987654
413988113
413988529
413989463
413989464
413990401
413990515
413996093
413997517
413997871
413999118
413999999
414010000
414073000
414123880
414348000
415999221
416000000
416000001
416000005
416000029
416000589
416000818
416002251
416002287
416002425
416002447
416002477
416002499
416002566
416002646
416002764
416002876
416002926
416002995
416003223
416003800
416004203
416004624
416004635
416004681
416004747
416004772
416004859
416004865
416004968
416005060
416005081
416005115
416005152
416005261
416008800
416011000
416011800
416035800
416043600
416060900
416063800
416085700
416088900
416089800
416098600
416155500
416165700
416171900
416175800
416176800
416219500
416223700
416241500
416245700
416316000
416330000
416450000
416613000
416741000
416745000
416773000
416793000
416874000
416891000
417000000
419000000
419000001
419000101
419000109
419000117
419000126
419000168
419000181
419000245
419000247
419000282
419000501
419000533
419000765
419000806
419000848
419000849
419000850
419000975
419000997
419001105
419001125
419001130
419001201
419001244
419001253
419001258
419001500
419046000
419055600
419060900
419067600
419094400
419111111
4192234
419539000
419562000
419752000
420000000
422000000
422005000
422035200
422036600
422036700
422040700
422050100
422611000
422856000
425000002
428000112
428000116
431000000
431000252
431000376
431000592
431000984
431001072
431001112
431004228
431004956
431006204
431007147
431007155
431008687
431009152
431026000
431101044
431101148
431200030
431289000
431301648
431356000
431395000
431398000
431401968
431424000
431600270
431602342
431700130
431700260
431700980
431703830
431704220
431704490
431750000
431782000
431791000
431797000
431873000
431889000
431927000
431999523
432045000
432228000
432276000
432298000
432306000
432322100
432346000
432448000
432463000
432473000
432503000
432522000
432624000
432714000
432717000
432801000
432875000
432905000
432934000
432950000
432952000
432957000
432974000
432991000
436000223
440000000
440037000
440067000
440084000
440089000
440100000
440105540
440154000
440163000
440197000
440200000
440203000
440326710
440328000
440347000
440400430
440400470
440512000
440701230
440701710
440755000
440773000
440782000
440834000
440863000
440926000
440966000
440999999
441242000
441483000
441644000
441726000
441864000
44444444
444444444
450485000
450553000
457283000
457417000
457900024
463037101
464146510
466251000
466410000
470000000
470000001
470000002
470000004
470000007
470003000
470004000
470100000
470100002
470109000
470123000
470123456
470130000
470237000
470250000
470279000
470281000
470309000
470327600
470359000
470372000
470381000
470394000
470396000
470411000
470533000
470566000
470573000
470591000
470607000
470638000
470654000
470664000
470718000
470722000
470737000
470739000
470754000
470810000
470888000
470896000
470903000
470909000
470917000
470925000
470938000
470942000
470956000
470977000
477007700
477017600
477021800
477043200
477062000
477071100
477076500
477091800
477102800
477105100
477108800
477117300
477127400
477133700
477158400
477170500
477182700
477182800
477185100
477188800
477195700
477220100
477241200
477241500
477250100
477292000
477300800
477334300
477346800
477347700
477423600
477444500
477454600
477518400
477519400
477519500
477522000
477535900
477537400
477547900
477552300
477686500
477694300
477700600
477701000
477712600
477742700
477764700
477767100
477767900
477776200
477786200
477829600
477845200
477849400
477850900
477851400
477866100
477866600
477878000
477904300
477947300
477950300
477961200
477963100
477995100
5
500000000
501
502
503
503000000
503009100
503012700
503090600
503215100
503354000
503380000
503432000
503433000
503486300
503490800
503528000
503552000
503562000
503564000
503566100
503595000
503632600
503674000
503686000
503718000
503760000
503794900
510408000
511204000
511231000
511421000
511535000
511555000
511642000
512002959
512004518
512063000
512071000
512385000
512433000
512445000
518000004
518000085
518100179
518100256
518100370
518236000
518631000
518730000
520000000
520146000
520174000
520176000
520318000
525000000
525000008
525000010
5250007
525001002
525001084
525001103
525001104
525001125
525001143
525001149
525001150
525002092
525003109
525003135
525003217
525003378
525003620
525004086
525004125
525005001
525005002
525005009
525005010
525005011
525005012
525005013
525005014
525005015
525005016
525005017
525005031
525005045
525005046
525005047
525005052
525005054
525005115
525005120
525005199
525005257
525005283
525005339
525006200
525007400
525007401
525008018
525008084
525008094
525009190
525009351
525009573
525010000
525010054
525012286
525012345
525012377
525013015
525013018
525013020
525013021
525013022
525013042
525013046
525014047
525015026
525015105
525015114
525015247
525015248
525015378
525015383
525015385
525015472
525015473
525015474
525015479
525015583
525015625
525015704
525015749
525015778
525015808
525015868
525015924
525015925
525015943
525015962
525015965
525015973
525016131
525016148
525016272
525016300
525016535
525016541
525016550
525016584
525016608
525017037
525018229
525018252
525018326
525018339
525019003
525019019
525019195
525019362
525019522
525019621
525020155
525020202
525020229
525020230
525020349
525021037
525021179
525021270
525021302
525022312
525023160
525023419
525024119
525024242
525024288
525024397
525025011
525025026
525025034
525025041
525025043
525025044
525025045
525025046
525025059
525025060
525025063
525025065
525025066
525025071
525025073
525025078
525025081
525025083
525025087
525025088
525025089
525025093
525025095
525025098
525025099
525025100
525025105
525025106
525100028
525100334
525100614
525101010
525111111
525111222
525119024
525120002
525123456
5251537
526063864
529276000
529874000
529890106
533000000
533000174
533130371
533130407
533744000
533955000
536954445
537985053
538000000
538001740
538002319
538002370
538002476
538002510
538002528
538002748
538002750
538002781
538002849
538002864
538002911
538002960
538002961
538003061
538003076
538003158
538003191
538003214
538003219
538003278
538003405
538003487
538003501
538003582
538003584
538003668
538003670
538003688
538003690
538003719
538003760
538003903
538003984
538004017
538004018
538004034
538004052
538004079
538004085
538004152
538004181
538004236
538004244
538004267
538004276
538004296
538004315
538004317
538004351
538004396
538004444
538004484
538004533
538004546
538004589
538004590
538004632
538004717
538004719
538004791
538004794
538004942
538004971
538004983
538004997
538005058
538005062
538005069
538005072
538005114
538005255
538005264
538005285
538005335
538005396
538005425
538005444
538005468
538005486
538005538
538005557
538005559
538005566
538005578
538005588
538005602
538005605
538005651
538005692
538005693
538005695
538005708
538005733
538005764
538005770
538005829
538005841
538005900
538005906
538005929
538005941
538005959
538005966
538005977
538006001
538006021
538006027
538006028
538006031
538006041
538006070
538006107
538006109
538006155
538006163
538006164
538006181
538006183
538006217
538006231
538006267
538006269
538006274
538006278
538006287
538006296
538006303
538006304
538006305
538006378
538006408
538006410
538006411
538006427
538006428
538006429
538006464
538006468
538006484
538006521
538006566
538006568
538006607
538006630
538006648
538006651
538006702
538006707
538006730
538006774
538006782
538006784
538006798
538006819
538006848
538006866
538006898
538006904
538006907
538006970
538007028
538007065
538007099
538007111
538007112
538007125
538007156
538007176
538007209
538007342
538007343
538007385
538007402
538007412
538007470
538007473
538007505
538007516
538007534
538007576
538007581
538007585
538007588
538007603
538007610
538007630
538070730
538070921
538071028
538090070
538090124
538090158
538090452
538090465
538090488
538090492
538090494
542322110
548000000
548816000
548899000
548931000
548934000
548940000
553111692
555555555
560000000
56010343
56020168
56020182
56020588
56023169
56023749
56024357
563000000
563002700
563003400
563006900
563009700
563010500
563012100
563012600
563013100
563014400
563016500
563018000
563018600
563019500
563020260
563022800
563031400
563032900
563094000
563217000
563220000
563240000
563248000
563262000
563265000
563312000
563374000
563403000
563488000
563516000
563554000
563574000
563596000
563612000
563614000
563647000
563677000
563693000
563696000
563724000
563758000
563770000
563815000
563831000
563850000
563854000
563855000
563879000
563886000
563933000
563935000
563947000
563950000
563955000
564011000
564178000
564180000
564267000
564268000
564328000
564351000
564421000
564460000
564481000
564573000
564589000
564648000
564673000
564716000
564721000
564753000
564785000
564793000
564805000
564822000
564837000
564867000
564910000
565042000
565050000
565111000
565148000
565178000
565222000
565275000
565282000
565287000
565295000
565345000
565376000
565384000
565406000
565431000
565435000
565436000
565440000
565484000
565504000
565533000
565555000
565583000
565600000
565606000
565655000
565678000
565757000
565769000
565792000
565828000
565835000
565955000
565964000
565979000
566000000
566029000
566059000
566133000
566149000
566157000
566162000
566164000
566165000
566215000
566223000
566251000
566327000
566395000
566405000
566425000
566448000
566498000
566610000
566646000
566694000
566709000
566775000
566787000
566796000
566804000
566826000
566829000
566878000
566914000
566926000
566966000
566969000
566977000
566985000
567000000
567111111
567278000
56790
57025315
574000000
574002880
574123456
576002000
576195000
576220000
576260000
576302000
576343000
576399000
576719000
576955000
577034000
577131000
577133000
577167000
577177000
577190000
577191000
577193000
577209000
577242000
577256000
577325000
577328000
577351000
578000200
578000500
58
59
591977696
592924841
598490054
6
60
600000000
600000001
600013249
601005500
601056000
601078000
601119500
601135600
601135800
601140800
601147700
601156000
601159800
601161000
601188600
601202400
601220800
601223500
601225300
601225500
601235300
601236900
601242800
601245600
601254000
601265000
601266000
601306500
601332000
601333500
601409000
601477000
601480000
601524000
601671000
601762000
601791000
601985000
601986000
61
6149
615000880
616999424
616999522
617010200
617075000
618000500
619006000
62
620000002
620094000
62029000
621000000
621001000
621819019
621819030
621819043
626004001
627067000
627175000
627179000
627682000
627850000
63
630123005
634117000
634120000
634122000
634125000
635000300
635019200
635221000
635225000
636002790
636007664
636009053
636011290
636011491
636011499
636011634
636011842
636012617
636012627
636012766
636012794
636012804
636012995
636013177
636013374
636013451
636013646
636013956
636014168
636014240
636014481
636014500
636014503
636014515
636014587
636014590
636014655
636014701
636014716
636014746
636014791
636014796
636014800
636014814
636014901
636015103
636015177
636015181
636015204
636015205
636015227
636015231
636015352
636015421
636015427
636015505
636015520
636015522
636015585
636015590
636015611
636015624
636015650
636015651
636015658
636015664
636015665
636015675
636015698
636015704
636015708
636015713
636015795
636015816
636015851
636015861
636015877
636015892
636015894
636015904
636015912
636015935
636015946
636015956
636015989
636015993
636016035
636016077
636016109
636016126
636016151
636016208
636016238
636016239
636016269
636016292
636016304
636016305
636016420
636016429
636016433
636016436
636016466
636016558
636016608
636016678
636016680
636016701
636016703
636016750
636016808
636016847
636016892
636016964
636016971
636016984
636016986
636017007
636017008
636017012
636017045
636017046
636017055
636017056
636017062
636017064
636017084
636017091
636017104
636017107
636017114
636017144
636017164
636017173
636017188
636017246
636017249
636017250
636017275
636017319
636017359
636017385
636017389
636017395
636017420
636017460
636017463
636017469
636017517
636017533
636017536
636017579
636017581
636017582
636017586
636017609
636017613
636017664
636017669
636017699
636017733
636017802
636017803
636017804
636017827
636017878
636017919
636017921
636017928
636017934
636017941
636017949
636017972
636018029
636018132
636018140
636090859
636090861
636090899
636090916
636090971
636091016
636091031
636091033
636091088
636091171
636091196
636091232
636091270
636091344
636091486
636091521
636091525
636091634
636091688
636091800
636091829
636092079
636092155
636092269
636092271
636092317
636092399
636092412
636092440
636092463
636092478
636092494
636092521
636092548
636092553
636092592
636092593
636092598
636092612
636092614
636092635
636092667
636092679
636092683
636092684
636092712
636092736
636092742
64
642122024
645147000
645278000
645372000
645400000
645448000
645466000
645469000
647521310
65
650027000
650107000
650117000
650148000
654123789
657100100
657102300
657103400
657104700
657105000
657109500
657110100
657110800
657111000
657111031
657111041
657112500
657115500
657117300
657118600
657119600
657122200
657123100
657123500
657126300
657127400
657127500
657128500
657128800
657129500
657131200
657131300
657132000
657132800
657136600
657137200
657141200
657142500
657144100
657179000
657320000
657506000
657697000
657893000
657914000
657915000
657929000
657949000
659068000
659192000
659252000
659254000
659283000
659391000
659398000
659432000
659441000
66
660
660001500
663000000
663036000
663111111
663172000
663195000
664060000
664062000
664063000
664104000
664139000
664544000
664589000
665111117
666000001
666666000
666666666
667001680
667001808
667072000
667123456
668114510
67
671128000
671476000
671879000
671930000
671936000
674010040
677001020
677013100
677015400
677017800
677019400
677026300
677039000
677044700
677054700
677057000
677059100
677060300
677060500
677060600
677062300
677071000
677071300
677071400
677079200
677079700
677090200
677091000
677092100
68
686868686
69
690610028
690610110
690610241
690610261
690610262
690610362
690610487
690610623
690610699
690630008
690630038
690630051
690630199
690630217
690630235
690630237
690630253
690630305
690660006
690660048
690660050
690660055
690660074
690660077
690660079
690660099
690660112
690660133
690660136
690660140
690660145
690660201
690660306
690660354
690660390
690660455
690660477
690660478
690690043
690690046
690690125
690690128
690690193
6932
694782927
69891725
7
70
700000000
701000515
701000516
701000525
701000540
701000546
701000551
701000554
701000562
701000577
701000583
701000587
701000591
701000596
701000607
701000627
701000639
701000646
701000648
701000651
701000658
701000665
701000677
701000687
701000696
701000720
701000735
701000742
701000755
701000792
701000794
701000800
701000803
701000827
701000835
701000838
701000855
701000865
701000880
701000907
701000919
701000925
701000929
701000940
701000943
701006001
701006003
701006005
701006007
701006018
701006035
701006037
701006044
701006056
701006058
701006071
701006073
701006074
701006085
701006096
701006100
701006105
701006116
701006135
701006157
701006161
701006204
701006216
701006226
701006232
701006240
701006247
701006271
701006289
701006319
701006341
701006373
701006430
701006445
701006455
701006463
701006471
701006502
701006515
701006545
701006592
701006605
701006609
701006637
701006643
701006655
701006698
701006706
701006709
701006727
701006735
701006744
701006747
701019000
701023000
701024000
701027000
701031000
701037000
701068000
701080000
701088000
701096000
701097000
701100000
701101000
701103000
701104000
701105000
701111000
701112000
701113000
701123456
701404100
701504000
701509999
701514000
701515000
701517000
701547000
701812000
701833000
704643072
71
710000000
710000009
710000011
710000022
710000026
710000030
710000077
710000090
710000230
710000242
710000340
710000350
710000359
710000388
710000429
710000435
710000440
710000450
710000467
710000596
710000646
710000675
710000680
710000872
710000873
710000925
710001010
710001100
710001123
710001124
710001191
710001234
710001270
710001280
710001354
710001600
710001694
710001780
710001788
710001810
710001830
710001950
710002134
710002236
710002275
710002520
710003310
710003470
710003880
710004470
710004480
710004490
710004910
710005290
710005320
710005440
710005540
710005570
710005660
710005670
710005810
710005970
710006020
710006060
710006080
710006410
710006650
710006930
710007030
710007040
710008030
710008380
710008410
710008540
710008790
710008830
710009340
710009360
710009510
710010220
710010240
710010840
710010850
710010950
710011770
710011790
710011840
710012010
710012020
710012290
710012450
710013180
710014280
710014320
710014370
710014840
710014960
710016210
710017090
710017510
710018340
710018630
710018640
710023030
710023860
710023980
710024740
710025250
710025850
710026070
710026490
710027150
710028140
710028150
710028450
710028580
710028810
710029020
710030020
710030260
710030390
710030460
710030670
710030680
710031380
710032160
710069000
710071000
710074009
710074011
710088000
710111111
710123456
710231000
710235000
710253000
710756894
710999900
710999994
712000000
712345678
715754447
72
725000139
725000199
725000205
725000219
725000255
725000261
725000269
725000297
725000317
725000320
725000332
725000335
725000357
725000358
725000390
725000410
725000460
725000470
725000480
725000580
725000613
725000620
725000625
725000628
725000631
725000635
725000638
725000652
725000659
725000662
725000667
725000668
725000669
725000681
725000690
725000695
725000714
725000715
725000722
725000723
725000736
725000755
725000763
725000794
725000801
725000803
725000818
725000823
725000850
725000875
725000877
725000879
725000880
725000882
725000890
725000895
725000896
725000906
725000909
725000910
725000926
725000927
725000929
725000938
725000941
725000949
725000962
725000963
725000964
725000970
725000971
725000979
725000983
725000984
725001003
725001026
725001031
725001048
725001049
725001080
725001100
725001123
725001130
725001133
725001134
725001135
725001137
725001143
725001154
725001155
725001165
725001172
725001174
725001180
725001193
725001204
725001212
725001221
725001276
725001292
725001297
725001305
725001346
725001404
725001409
725001426
725001437
725001441
725001467
725001472
725001490
725001497
725001502
725001506
725001514
725001516
725001522
725001523
725001536
725001543
725001544
725001547
725001596
725001634
725001700
725001785
725001793
725001925
725001940
725001950
725001953
725001963
725001965
725001968
725001970
725002200
725002300
725002350
725002360
725002370
725002410
725002560
725003220
725003410
725003550
725003670
725003720
725003850
725003900
725003970
725004090
725004140
725004220
725004230
725004260
725004270
725004360
725004370
725004390
725004430
725004500
725004520
725005100
725007600
725007800
725008300
725008400
725010010
725011100
725011900
725012400
725014700
725014800
725015600
725016800
725017700
725017800
725018100
725019072
725019109
725019110
725019210
725019329
725019340
725019687
725019910
725066537
730000000
7300701
730127000
730128000
730151056
730151209
735057575
735058741
735058769
735058776
735059039
735059214
735059381
74
740336000
740349000
740356000
740372000
740380000
740382000
740399000
745005600
755001631
755004348
755201178
755555555
76
760000000
760000001
760000007
760000011
760000040
760000150
760000250
760000340
760000570
760000650
760000690
760000880
760001080
760001150
760001200
760001220
760001300
760001440
760001490
760001500
760001560
760001700
760106000
760123403
760130000
77
770576044
770576060
770576062
770576065
770576114
770576115
770576122
770576134
770576154
770576165
770576191
770576199
770576202
770576223
770576229
770576247
770576248
770576249
770576260
770576262
770576264
770576272
770576278
770576281
770576282
770576283
770576299
770576328
770576342
771045689
772001101
773982424
775000000
7751010
775353000
775503000
775813000
775990200
775990210
775990220
775992120
775994290
775994590
775996375
777777777
78
787878787
788235679
789789789
79
799999999
8
80
800000000
800000002
800000100
800054106
800412001
800412022
8072781
8073718
808464432
808464456
808464464
808464480
808464488
808663857
808663912
808664168
81
81560943
82
829007932
83
848507543
85
877223149
877223151
877223161
877223164
877223343
877224871
881983500
887767528
888000002
888000003
888000004
88888
8888888
888888886
888888888
888888999
891234567
897898896
9
900000000
900000001
900000002
900028873
900200001
900200018
900256847
91
920101116
928000608
970595383
970595963
970596276
970596339
970597629
970597631
980042216
982000000
987654321
987654322
990000001
990000002
990000089
992111870
992241009
992271000
992351217
992351228
992351229
992351230
992351231
992411979
992411989
992441005
992501307
992576198
992576345
992576500
992576501
992626001
992626002
992626003
992626004
992626005
992736002
992736003
992736004
992736005
993161010
993672087
993692046
993692047
993692048
994121700
994131611
994136303
994136306
994136307
994136310
994136311
994136312
994136313
994136314
994136315
994136316
994136317
994136318
994136319
994136320
994136321
994136322
994136323
994136324
994136325
994136424
994136426
994136427
994136428
994136455
994136456
994136504
994136508
994136510
994136511
994136512
994136514
994136525
994136601
994136602
994136622
994136623
994136679
994136680
994161900
994196001
994196002
994196003
994196004
994196005
994196006
994196007
994196008
994196009
994196010
994196011
994196012
994196014
994196015
994196021
994196022
994196023
994196024
994196025
994196026
994196027
994196028
994196031
994196032
994196037
994196038
994401011
996011049
996131101
996131102
996131201
996131202
996131203
996131204
996131205
996131206
996131207
996131208
996131209
996131301
996131302
996421009
997011088
997101011
997251010
997300122
998501646
999000008
999000009
999123456
999413001
999413007
999901001
999999000
99999988
999999919
99999999
999999993
999999995
999999998
999999999