0
1
10
100
1000
100000
100000000
100000001
100000002
100000003
100000005
100000006
100000009
100000010
100000012
100000019
100900000
100900001
100900002
100900003
100900004
100900005
100900006
100900007
100900008
100900009
100900010
100900011
100900012
100900013
100900014
100900015
100900018
100900019
100900025
100900027
100900032
100900092
100900200
100912003
100912345
100920003
101000003
101000008
101101001
101289406
1047111740
1059694652
107374182
1073741823
11
110000000
110000003
110000005
110000006
110000008
111000000
111100000
111111000
11111111
111111110
111111111
111111112
111111156
111111163
111111203
111111234
111111302
111111333
111111396
111111854
111112081
111112120
111112222
112233445
113399999
1193046
12
123
123123123
123443212
123451002
123456
1234567
12345678
123456780
123456788
123456789
123888888
13
14
15
150000648
150200835
150200856
151000002
151000006
151710709
155500009
16
16790
168
168000001
168168168
168800827
168800829
178000301
2
200000000
200000001
200000002
200000004
200000005
200000007
200000008
200000009
200000010
200000011
200000789
200010068
200010109
200022629
200024943
200310
200804300
200912310
201006210
201204131
201208170
201211180
201304200
201608003
204235000
204588876
204600008
204601240
204671240
204701370
204701390
204708000
204811000
204862000
205008600
205029000
205045800
205048000
205049000
205051000
205063000
205072000
205111000
205114000
205175000
205177000
205188000
205193000
205200190
205226090
205233000
205234000
205245990
205250990
205252690
205256290
205262190
205288990
205295690
205298790
205298990
205300000
205335490
205336090
205337590
205348000
205351190
205353590
205354190
205360190
205360290
205365700
205369090
205372790
205373190
205384390
205386990
205388990
205391990
205393000
205393790
205394390
205400000
205404790
205414000
205415000
205416000
205419690
205434090
205436190
205446000
205446590
205451000
205452690
205453000
205457000
205457590
205461000
205465690
205466490
205475000
205479890
205481990
205483000
205484000
205488290
205490890
205493390
205502390
205502790
205505090
205505790
205505990
205506390
205507390
205508590
205513930
205515690
205521690
205525190
205528990
205531290
205532390
205532590
205535390
205535790
205537290
205538390
205542590
205545000
205552000
205555000
205557000
205588000
205591000
205592000
205593000
205594000
205598000
205604000
205616000
205619000
205621000
205626000
205628000
205665000
207224000
207290000
207369000
207622460
207822380
207832460
208720880
209020000
209070000
209071000
209073000
209079000
209081000
209083000
209089000
209116000
209126000
209143000
209191000
209204000
209207000
209234000
209249000
209250000
209263000
209312000
209393000
209406000
209443000
209467000
209491000
209514000
209534000
209596000
209756000
209762000
209765000
209777000
209778000
209799000
209832000
209850000
209854000
209857000
209870000
209933000
210001000
210035000
210093000
210095000
210133000
210167000
210169000
210188000
210226000
210239000
210259000
210279000
210349000
210381000
210440000
210481000
210538000
210548000
210684000
210720000
210725000
210942000
210944000
210952000
211000000
211002010
211024029
211106060
211113790
211116250
211118300
211124650
211132060
211140000
211141000
211147880
211149000
211149890
211151080
211157880
211158050
211168700
211168930
211173930
211176000
211177630
211177960
211178250
211180000
211180550
211181500
211181930
211181950
211182030
211184630
211184660
211184930
211185000
211186950
211187040
211188000
211188030
211188880
211189000
211190000
211196300
211202460
211202570
211205180
211207100
211207710
211208350
211208390
211208420
211208430
211208720
211209290
211209320
211214250
211214670
211214990
211215210
211215340
211216480
211216650
211216660
211217290
211218810
211219990
211221440
211221870
211222350
211222680
211222700
211222720
211222780
211222790
211222800
211222810
211222960
211223190
211223400
211223780
211224270
211224360
211224430
211224720
211225300
211225340
211225410
211225910
211226140
211226330
211226440
211226450
211226520
211226680
211226840
211226920
211227410
211227920
211228220
211229200
211229430
211230570
211230650
211230880
211231260
211231300
211231490
211231520
211232350
211232950
211233270
211233510
211233660
211235610
211239490
211242870
211245200
211245550
211246250
211247350
211255580
211257820
211262830
211263800
211263850
211265530
211265900
211266470
211270840
211274960
211278240
211281010
211282710
211283410
211283440
211283830
211284350
211286440
211286490
211288480
211290180
211290720
211290740
211290750
211294420
211294830
211298120
211298150
211298240
211298680
211299300
211303520
211308910
211309750
211310410
211312160
211315100
211316150
211318180
211318600
211318770
211324470
211327150
211327610
211328570
211331920
211333670
211333700
211334410
211334830
211337920
211338510
211338680
211342220
211343680
211349270
211349460
211353930
211360780
211360810
211363350
211366340
211367460
211373830
211377940
211383320
211384950
211386490
211386770
211394930
211395930
211405020
211409660
211411980
211417790
211428220
211429600
211431270
211431820
211436040
211437160
211437180
211437190
211437240
211437250
211437270
211437280
211437290
211437300
211437320
211437330
211437340
211437470
211440340
211440350
211440360
211440370
211440410
211440680
211443600
211444000
211445180
211445190
211445200
211445220
211456940
211457700
211457860
211462080
211462760
211464420
211464620
211466070
211468560
211470990
211471210
211471880
211472070
211472760
211472890
211473470
211474990
211476020
211476050
211476340
211477226
211484674
211486770
211488620
211488640
211492000
211492530
211492710
211493170
211493380
211497830
211497910
211506890
211507120
211507500
211508570
211509360
211510510
211511200
211511420
211511950
211512360
211512370
211512410
211512510
211512520
211513200
211513530
211513790
211514800
211515200
211516500
211516530
211517230
211517420
211518220
211518440
211518740
211518780
211518810
211519610
211520120
211520410
211523490
211523660
211523910
211526840
211527970
211529570
211529600
211532590
211532870
211534760
211534880
211535790
211537690
211539770
211539790
211539800
211541040
211542420
211542610
211544210
211545300
211546840
211549030
211549160
211549170
211550000
211551140
211551940
211553920
211554140
211555420
211559130
211560830
211570860
211571500
211572460
211576350
211578060
211587750
211588610
211589740
211589950
211590050
211590150
211590370
211590640
211591090
211591140
211591180
211591710
211593560
211594520
211594530
211594540
211595610
211599340
211602130
211602410
211606190
211611000
211611070
211611680
211614010
211617060
211623180
211624750
211624870
211625340
211625350
211626110
211626280
211626350
211627240
211627310
211627340
211627970
211628010
211634540
211634880
211637070
211641190
211643790
211647900
211649550
211651920
211652760
211653680
211656460
211664100
211665120
211665650
211665670
211666330
211667140
211667610
211667760
211667930
211669240
211673600
211674070
211676580
211676590
211681870
211681950
211682430
211684020
211689760
211690000
211693490
211693600
211695320
211696830
211696930
211699930
211701670
211701890
211703040
211704040
211708480
211710650
211715570
211717470
211720660
211727510
211727520
211740730
211743670
211744040
211744740
211744760
211745870
211747930
211747940
211748780
211750690
211751080
211752810
211753000
211755320
211755490
211755530
211759340
211759620
211760010
211760030
211761030
211762670
211765280
211766470
211770130
211771000
211772150
211772600
211774670
211777240
211782050
211876000
212004000
212049000
212052000
212185000
212209000
212222222
212259000
212274000
212300000
212324000
212333000
212345678
212368000
212390000
212400000
212403000
212436000
212438000
212467000
212499000
212510000
212533000
212537000
212561000
212589000
212592000
212682000
212733000
212735000
212848000
212852000
212865000
212882000
212917000
212937000
212949000
212967000
212979000
214181207
214182217
214717304
215104000
215106000
215228000
215391000
215420000
215425000
215678000
215740000
215771000
215891000
218025000
218063000
218098000
218172000
218257000
218356000
218393000
218413000
218439000
218533000
218552000
218627000
218629000
218764000
218767000
218779000
218783000
218795000
218799000
218807000
218817000
218824000
218826000
218830000
218833000
218841000
218847000
218850000
219000000
219000429
219000431
219000547
219000622
219000737
219000776
219000781
219000809
219000811
219000852
219000949
219001214
219001745
219002177
219002666
219002929
219003122
219004263
219005513
219005904
219006221
219009135
219009338
219011553
219012073
219014427
219014974
219015127
219015382
219015425
219015579
219016713
219017325
219017917
219018765
219018969
219019365
219019853
219020325
219020533
219020688
219022062
219022256
219075000
219077000
219082000
219083000
219094000
219096000
219145000
219230000
219257000
219268000
219285000
219332000
219345000
219378000
219397000
219408000
219423000
219435000
219461000
219463000
219514000
219539000
219570000
219590000
219592000
219612000
219622000
219631000
219657000
219663000
219667000
219730000
219777000
219829000
219927000
219945000
219954000
220000000
220157000
220207000
220284000
220343000
220364000
220387000
220443000
220465000
220486000
220489000
220516000
220577000
222000000
222000005
222000006
222000007
222000008
222000009
222222220
222222222
222222224
223456789
224005790
224020890
224049530
224076000
224094520
2241138
224132000
224142870
224197150
224209350
2242178
224233000
224256000
224288000
224289000
224308000
224342000
224380000
224399000
224402000
224438000
224440330
224609000
224619000
224651000
224654000
224696000
224704000
224718000
224752000
224830230
224892000
224918000
224931000
224987000
225319000
225374000
225968130
225983597
226000000
226003710
226006730
226006780
226006790
226007480
226010550
226011410
226235000
226247000
226273000
226323000
226327000
226328000
226338000
227000000
227006760
227006770
227006780
227022800
227023100
227023200
227023300
227025440
227050680
227069110
227135640
227145600
227235000
227273000
227278000
227286000
227289000
227306100
227382720
227393830
227397840
227464770
227471540
227503000
227504000
227574020
227580520
227729770
227782840
228006800
228008600
228017700
228022900
228066800
228071700
228080600
228080700
228085000
228085700
228105600
228111000
228160900
228179700
228219600
228237700
228242800
228263700
228284800
228287900
228296900
228323900
228324900
228331600
228337700
228340900
228344800
228349600
228878000
229044000
229061000
229074000
229090000
229095000
229097000
229213000
229220000
229288000
229294000
229310000
229336000
229368000
229378000
229395000
229398000
229423000
229440000
229450000
229467000
229470000
229488000
229489000
229521000
229533000
229538000
229541000
229548000
229554000
229568000
229570000
229571000
229581000
229609000
229611000
229613000
229615000
229616000
229620000
229625000
229664000
229667000
229677000
229711000
229722000
229732000
229782000
229784000
229801000
229839000
229844000
229851000
229858000
229862000
229912000
229913000
229954000
229976000
229979000
229981000
229985000
230003110
2300057
2300059
230006000
2300061
230006760
230007000
230008800
230011270
230011480
230011590
230014910
230016570
230017350
230018240
230018360
230025060
230028850
230031001
230038800
230052810
230065310
230079670
230085710
230085750
230093090
230093590
230107940
230108490
230108610
230110890
230112970
230113940
230117660
230125910
230172000
230180000
230181000
230185000
230191000
230226000
230235000
230279000
230283000
230351000
230361000
230368000
230618000
230623000
230624000
230625000
230628000
230629000
230631000
230632000
230634000
230636000
230637000
230639000
230642000
230643000
230644000
230651000
230652000
230659000
230663000
230917000
230926000
230927000
230938590
230938610
230939100
230942840
230942970
230946000
230948000
230956000
230981000
230981050
230981750
230982000
230982010
230983370
230986740
230987260
230987550
230987660
230991710
230992260
230992540
230992580
230992640
230992750
230992970
230994000
230994270
230994810
230995000
230995290
230995650
231053000
231103000
231104000
231108438
231146000
231156000
231219000
231251000
231261000
231356000
231711000
231712000
231745000
231770000
231806000
231807000
231846000
232000570
232000670
232000760
232001040
232001060
232001470
232001610
232001770
232002697
232002833
232002836
232003084
232003331
232003472
232003667
232004294
232004441
232006139
232006684
232007350
232007607
232008023
232008661
232008955
232013243
232013520
232013522
232013525
232015947
232079000
2320828
232217000
23232370
232664000
232877000
233009000
233261000
233883000
234567890
234567899
235000164
235000970
235001313
235001318
235001841
235002514
235003190
235006459
235007140
235007275
235009010
235009590
235009760
235010170
235010500
235010600
235010670
235012717
235014278
235014365
235018919
235022611
235028825
235032464
235032469
235035113
235037917
235050371
235051998
235054738
235055303
235058304
235059331
235059487
235060989
235061705
235065969
235066012
235066229
235067873
235067955
235068109
235068112
235068243
235069704
235069875
235069877
235070241
235073854
235074754
235075142
235075245
235076614
235076683
235078558
235078737
235080246
235080274
235080999
235082716
235082717
235082802
235084702
235089035
235089435
235089665
235090183
235090189
235090339
235091541
235092453
235093569
235094449
235094496
235094794
235095629
235096265
235098256
235098572
235099933
235101105
235101859
235102028
235102029
235102692
235103033
235103197
235104533
235106302
235108183
235108458
235108494
235109144
235109319
235109648
235109726
235110247
235110641
235111195
235111365
235112704
235113125
235113759
235113823
235113926
235114376
235114568
235114576
235114667
235114757
235115261
235115734
235118074
235118697
235192000
235449000
235500000
235766000
235900006
236111511
236111612
236111884
236111951
236111978
236222000
236258000
236385000
236403000
236435000
236439000
236465000
236507000
236529000
236541000
236542000
236543000
236603000
236610000
236617000
236642000
236655000
236661000
236684000
237008100
237019200
237030100
237280000
237905000
238017602
238116540
238118940
238154540
238160000
238190940
238244640
238249000
238292000
238318740
238404140
238453240
238823640
238936140
238991940
239512000
239670000
239839000
239953000
240000000
240006000
240048000
240056000
240069000
240189000
240246000
240370000
240389000
240510000
240612000
240688000
240742000
240783000
240801000
240815000
240837000
240846000
240971000
240980000
241000000
241077000
241085000
241087000
241116000
241118000
241238024
241275000
241289000
241298000
241310000
241330000
241334000
241397000
241428000
241431000
241440000
241470000
241490000
241495000
241505546
241509000
241526000
242000000
242176100
242177100
242999000
244000000
244002000
244006000
244010030
244010042
244010568
244010570
244010773
244010955
244010988
244012000
244013000
244020025
244020072
244020144
244020181
244020482
244020589
244020707
244020742
244020757
244020943
244026204
244030035
244030117
244030275
244030279
244030299
244030516
244030587
244050197
244050199
244050205
244050207
244050325
244050426
244050469
244050658
244060102
244060298
244060613
244061000
244070188
244070288
244070618
244070620
244070903
244070991
244073000
244090441
244090453
244090796
244090901
244100055
244100057
244100063
244100376
244110047
244110236
244110417
244110544
244110692
244126000
244127000
244128000
244130608
244130752
244130941
244150720
244167000
244170064
244180000
244180151
244180626
244198000
2442004
2442005
2442102
244215000
244230000
244250000
244250702
244260496
244264000
244274000
244296000
244298000
244300678
244313000
244316000
244325000
244351000
244387000
2444010
2444012
244430000
244452994
244452997
244468000
244469000
244509000
244528000
244530000
244536000
244538000
244554000
244573147
244573182
244580000
244584000
244592000
244602000
244603000
244615153
244615188
244615272
244615634
244615749
244615779
244615886
244615934
244616000
244617000
244619000
244620052
244620173
244620511
244620567
244620628
244620675
244620701
244620737
244620781
244620835
244620859
244620869
244620875
244620876
244620934
244620937
244620938
244620955
244620958
244620959
244620962
244620968
244620986
244620993
244626000
244630036
244630038
244630043
244630051
244630070
244630100
244630110
244630113
244630117
244630169
244630179
244630184
244630192
244630427
244630439
244630477
244630536
244630605
244630606
244630690
244630697
244630797
244630877
244645890
244650090
244650204
244650228
244650312
244650323
244650324
244650367
244650397
244650398
244650437
244650475
244650483
244650537
244650575
244650576
244650579
244650588
244650607
244650618
244650690
244650709
244650746
244650752
244650753
244650754
244650802
244650808
244650814
244650846
244650879
244650917
244650934
244650942
244650958
244650979
244650985
244650986
244650988
244650990
244650993
244660001
244660009
244660032
244660048
244660053
244660066
244660083
244660086
244660097
244660111
244660160
244660172
244660181
244660196
244660206
244660214
244660215
244660222
244660232
244660234
244660242
244660253
244660261
244660262
244660298
244660328
244660335
244660341
244660374
244660391
244660392
244660395
244660400
244660406
244660408
244660412
244660414
244660418
244660422
244660482
244660483
244660487
244660491
244660498
244660499
244660524
244660542
244660564
244660565
244660572
244660598
244660611
244660638
244660639
244660656
244660693
244660729
244660738
244660746
244660747
244660778
244660815
244660818
244660830
244660833
244660848
244660885
244660891
244660892
244660918
244660919
244660962
244660997
244670003
244670011
244670016
244670022
244670043
244670063
244670077
244670078
244670081
244670084
244670094
244670095
244670097
244670102
244670109
244670111
244670113
244670126
244670138
244670139
244670171
244670174
244670181
244670194
244670214
244670274
244670293
244670295
244670301
244670307
244670312
244670319
244670320
244670350
244670362
244670398
244670420
244670421
244670454
244670460
244670466
244670494
244670518
244670538
244670563
244670566
244670616
244670618
244670642
244670653
244670658
244670725
244670733
244670741
244670766
244670770
244670780
244670789
244670797
244670837
244670869
244670871
244670927
244670932
244670973
244670999
244690000
244690002
244690030
244690076
244690117
244690118
244690186
244690212
244690281
244690298
244690302
244690316
244690328
244690330
244690362
244690405
244690411
244690451
244690453
244690454
244690455
244690475
244690482
244690484
244690485
244690643
244690650
244690688
244690719
244690843
244690847
244690886
244690901
244690914
244690915
244690922
244690926
244690979
244690990
244690991
244690996
244692000
244693000
244699000
244700012
244700038
244700123
244700127
244700131
244700144
244700145
244700198
244700271
244700288
244700318
244700322
244700326
244700361
244700362
244700388
244700389
244700400
244700410
244700416
244700493
244700495
244700496
244700501
244700504
244700519
244700532
244700534
244700594
244700618
244700644
244700651
244700668
244700689
244700705
244700764
244700770
244700771
244700788
244700794
244700809
244700811
244700830
244700837
244700896
244700930
244700948
244700959
244700985
244700991
244710009
244710041
244710091
244710114
244710126
244710183
244710206
244710207
244710214
244710238
244710284
244710286
244710313
244710343
244710352
244710353
244710367
244710406
244710415
244710421
244710428
244710522
244710703
244710708
244710736
244710739
244710742
244710820
244710833
244710842
244710865
244710870
244710871
244710873
244710874
244710879
244710890
244710903
244710949
244710971
244711426
244718000
244719000
244730044
244730091
244730092
244730103
244730117
244730148
244730153
244730205
244730231
244730468
244730469
244730648
244730696
244730760
244730818
244730982
244734000
244740079
244740080
244740096
244740148
244740200
244740210
244740232
244740304
244740306
244740307
244740396
244740441
244740452
244740488
244740574
244740654
244740706
244740804
244740863
244740921
244750019
244750043
244750099
244750116
244750160
244750256
244750263
244750276
244750286
244750339
244750393
244750412
244750429
244750431
244750433
244750482
244750556
244750563
244750616
244750633
244750641
244750673
244750685
244750687
244750688
244750689
244750690
244750692
244750694
244750703
244750715
244750716
244750742
244757000
244758000
244770063
244770080
244770199
244770241
244770251
244770329
244770498
244770521
244770631
244770733
244770838
244770930
244772000
244780024
244780077
244780138
244780166
244780213
244780214
244780327
244780347
244780360
244780377
244780387
244780522
244780549
244780631
244780640
244780726
244780739
244780773
244780785
244780802
244780876
244780962
244790087
244790145
244790510
244790541
244790606
244790610
244790679
244790684
244795000
244810184
244810225
244810513
244810692
244820145
244820146
244820227
244820278
244820283
244820294
244820296
244820297
244820298
244820299
244820369
244820404
244820418
244820548
244829936
244830366
244830512
244830541
244830609
244830656
244830802
244830808
244830810
244830813
244850073
244850094
244850141
244850156
244850557
244850695
244850765
244850894
244850968
244860007
244860278
244860282
244860382
244860383
244860456
244860469
244860471
244860573
244860670
244860892
244870016
244870060
244870156
244870222
244870223
244870229
244870237
244870287
244870446
244870574
244870645
244870671
244870753
244870757
244870759
244870881
244870897
244870932
244870936
244875000
244876000
244881000
244886000
244890219
244890266
244890292
244890451
244891000
244897000
244900019
244900082
244900091
244900124
244912000
244922000
244923000
244957000
244958000
244964000
244979000
244980000
245039000
245042000
245059000
245088000
245108000
245175000
245209000
245248000
245261000
245272000
245279000
245281000
245284000
245301000
245349000
245354000
245385000
245398000
245405000
245418000
245439000
245451000
245453000
245489000
245494000
245498000
245529000
245548000
245551000
245569000
245580000
245585000
245586000
245615000
245656000
245670000
245723000
245739000
245745000
245749000
245766000
245808000
245809000
245866000
245867000
245882000
245884000
245895000
245906000
245907000
245910000
245921000
245924000
245925000
245931000
245973000
246017000
246046000
246060000
246082000
246085000
246087000
246115000
246124000
246128000
246131000
246137000
246141000
246171000
246187000
246188000
246198000
246215000
246232000
246300000
246302000
246316000
246333000
246346000
246361000
246363000
246384000
246386000
246392000
246419000
246442000
246454000
246467000
246494000
246496000
246497000
246502000
246512000
246514000
246517000
246518000
246521000
246529000
246554000
246569000
246573000
246580000
246604000
246609000
246642000
246650000
246655000
246670000
246683000
246741000
246773000
246786000
246836000
246845000
246846000
246852000
246873000
246876000
246883000
246911000
247000000
247015400
247027500
247034200
247039300
247040490
247041900
247044300
247046600
247046700
247046800
247061600
247106900
247116600
247117300
247118400
247121100
247129000
247142400
247160400
247170100
247186700
247188100
247222500
247233800
247237200
247256000
247264700
247266300
247273800
247285500
247286100
247286700
247287200
247300000
247302100
247303300
247304600
247310400
247312900
247315400
247320600
247330800
247341100
247341300
247341500
247341700
247352300
247353800
247354500
247359000
247370400
247372400
247373600
247385300
247456000
247594000
247599000
247616000
248050000
248053000
248078000
248115000
248133000
248141000
248162000
248193000
248218000
248289000
248314000
248352000
248392000
248402000
248403000
248440000
248572000
248574000
248589000
248692000
248701000
248713000
248791000
248865000
248886000
248953000
249005000
249054000
249084000
249094000
249139000
249140000
249141000
249161000
249169000
249205000
249239000
249240000
249253000
249267000
249268000
249283000
249298000
249374000
249386000
249400000
249401000
249412000
249434000
249443000
249472000
249495000
249500000
249518000
249526000
249531000
249532000
249533000
249597000
249611000
249631000
249663000
249666000
249679000
249684000
249693000
249699000
249785000
249787000
249795000
249851000
249875000
249958000
250002686
250004208
251021110
251023110
251026000
251027110
251035000
251036110
251039110
251040000
251043110
251045000
251046110
251047110
251052110
251057000
251062110
251079000
251081110
251084110
251087110
251096000
251102000
251105000
251113940
251123000
251126110
251145110
251151000
251153000
251154440
251155000
251157840
251161840
251162240
251162340
251164000
251167110
251174000
251177110
251182110
251184640
251184740
251188740
251189840
251193000
251194110
251194240
251197110
251203000
251208440
251224110
251226000
251232110
251233110
251242110
251244110
251248110
251249110
251250110
251257110
251258640
251263940
251265110
251267110
251270440
251272110
251278110
251284110
251288000
251298110
251299110
251302440
251304110
251304740
251309000
251318000
251330110
251338110
251341110
251342940
251346240
251348540
251350110
251356640
251357000
251363540
251375640
251375940
251389110
251395110
251402110
251414000
251417110
251420000
251427000
251428000
251429110
251438110
251447110
251449110
251453000
251454110
251461340
251465740
251467110
251468000
251473440
251477440
251478240
251480110
251482000
251489540
251490110
251493110
251495110
251496540
251507000
251521110
251524000
251530000
251531540
251539110
251540110
251540540
251544000
251582540
251591110
251598110
251602110
251609000
251710110
251718000
251722110
251723110
251742110
251745000
251754110
251763110
251775110
251781110
251783110
251784110
251792740
251793240
251826110
251834540
251835940
251836240
251837740
251838540
251839340
251840470
251840870
251841270
251842670
251842840
251844940
251848270
251848440
251848640
251848740
251848970
251850110
251850470
251850870
251851940
251852340
251999999
253098000
253114000
253136000
253141000
253163000
253198000
253202000
253217000
253223000
253248000
253254000
253296000
253326000
253336000
253339000
253347000
253378000
253387000
253418000
253525000
255801380
255801580
255804790
255804940
255804950
255804960
255805350
255805360
255805552
255805555
255805557
255805571
255805590
255805593
255805594
255805619
255805620
255805625
255805650
255805671
255805672
255805681
255805759
255805771
255805778
255805797
255805828
255805836
255805837
255805838
255805840
255805842
255805852
255805854
255805855
255805864
255805865
255805868
255805872
255805881
255805883
255805884
255805891
255805894
255805896
255805897
255805899
255805908
255805929
255805963
255805991
255806011
255806048
255806064
255806068
255806092
255806112
255910870
256026000
256028000
256044000
256050000
256065000
256157000
256201000
256208000
256219000
256246000
256284000
256313000
256334000
256338000
256426000
256454000
256462000
256505000
256521000
256523000
256547000
256553000
256566000
256687000
256735000
256743000
256758000
256759000
256775000
256816000
256940000
256947000
256968000
257000210
257001890
257001960
257002590
257003970
257003990
257004640
257005840
257006099
257006300
257006840
257007520
257007900
257008000
257010000
257011900
257013400
257013420
257013700
257014400
257015700
257015850
257016340
257016650
257018140
257020700
257023540
257026800
257030540
257030600
257033140
257033700
257034710
257034840
257035940
257036200
257039700
257040600
257042320
257047000
257048700
257050400
257054000
257056040
257056600
257058500
257059600
257060500
257066700
257067400
257071700
257072000
257072600
257075500
257076840
257077240
257078000
257078400
257083040
257084340
257090340
257092500
257099140
257107040
257108000
257110700
257110940
257111240
257111940
257114000
257114400
257115000
257116000
257117000
257117320
257117500
257118000
257118500
257119000
257123000
257124140
257124400
257124920
257125000
257127000
257129140
257134400
257138820
257143420
257144700
257145000
257149000
257151720
257151900
257152000
257152520
257154440
257157240
257157640
257160400
257163000
257164140
257164600
257164700
257166000
257166400
257168000
257169200
257170400
257173000
257177000
257179000
257182000
257187000
257196000
257198000
257200000
257201000
257202560
257205400
257207000
257207400
257209600
257210000
257210620
257211000
257214140
257215500
257216700
257217000
257219000
257219400
257222400
257223620
257224020
257225800
257226000
257226520
257227000
257228000
257230000
257230500
257231500
257233400
257234000
257235600
257235720
257236400
257236700
257238000
257243500
257245220
257248000
257249000
257254920
257255000
257256000
257261000
257262000
257265000
257266400
257266500
257267000
257273400
257274000
257275400
257275800
257276000
257276400
257277400
257280000
257281000
257282400
257282700
257283400
257284600
257285400
257287000
257289320
257292400
257294800
257297000
257297400
257298600
257298900
257302500
257302720
257303000
257304900
257306400
257310400
2573115
257312540
257312740
257312920
257313620
257317000
257321000
257328900
257330800
257332400
257333000
257338000
257340400
257347000
257349400
257349820
257350400
257355400
257363500
257364400
257366000
257367000
257368500
257369000
257375400
257377400
257377500
257381400
257387000
257390900
257392400
257393400
257395500
257396000
257398700
257399400
257408000
257409500
257412620
257413500
257415920
257417000
257420000
257421000
257421500
257424000
257429900
257430000
257432500
257435500
257436500
257436720
257444600
257445500
257446500
257447020
257448500
257454000
257455900
257456500
257457000
257458500
257463500
257465800
257471500
257472000
257482600
257485600
257488002
257490700
257502700
257506700
257513000
257516800
257517000
257518000
257518800
257520800
257522600
257523500
257524500
257526600
257529600
257530500
257530900
257531600
257536700
257538500
257549000
257549800
257551000
257559000
257560900
257561080
257564000
257565600
257570600
257576500
257582600
257586600
257592500
257592700
257593600
257594600
257597000
257602250
257603000
257605000
257611500
257613000
257614000
257615000
257617700
2576259
257629000
257631600
257634800
257639500
257641000
257641500
257641900
257653600
257654700
257656000
257659000
257659680
257659800
257667600
257668000
257672000
257681500
257683800
257684700
257689500
257695800
257712000
257716000
257720700
257725000
257733900
257739500
257739700
257741000
257744900
257754500
257757000
257763690
257766800
257773500
257774600
257781000
257782600
257785000
257785500
257786700
257788700
257789500
257797000
257798800
257801700
257803500
257806500
257808000
257808960
257809500
257814610
257815000
257820000
257825000
257825500
257827000
257834500
257837000
257840910
257842500
257845600
257846600
257846800
257847600
257848500
257849000
257850500
257852000
257855000
257855500
257860500
257862000
257869000
257872000
257876900
257878470
257884500
257886500
257887600
257888000
257888500
257892500
257893800
257899700
257902000
257906000
257910800
257912700
257914000
257914600
257916600
257924660
257928000
257928800
257930600
257939500
257948800
257949600
257950800
257952600
257958900
257963000
257964500
257964900
257970000
257978500
257982900
257990000
257991800
257996000
257997000
257999349
257999790
2579999
258005500
258007000
258009500
258014000
258015500
258027000
258027500
258029000
258031000
258032500
258036000
258037000
258041000
258043000
258046000
258048000
258052000
258053000
258060000
258062000
258064000
258067000
258071000
258072500
258073000
258074000
258084230
258088000
258090000
258091000
258092500
258098500
258099000
258108500
258110570
258114570
258122980
258127000
258128000
258129000
258135320
258139000
258143000
258144000
258145070
258145500
258147000
258149000
258150000
258157000
258161000
258168000
258170360
258174000
258177000
258185000
258193000
258208260
258208360
258219000
258220500
258221000
258223000
258224000
258232000
258235500
258236000
258238000
258243500
258244000
258247000
258247424
258250000
258253000
258255000
258257500
258263500
258269500
258270000
258282000
258289500
258293000
258295000
258296000
258298000
258301000
258301500
258303000
258305000
258306000
258306500
258308000
258310000
258313500
258315000
258316000
258317000
258323000
258327000
258327500
258328500
258329500
258330500
258340000
258349000
258352500
258356000
258357000
258359500
258364000
258381000
258387000
258392000
258394000
258408000
258410000
258416000
258423000
258424000
258425000
258433000
258434000
258446000
258452000
258461000
258464000
258476000
258477000
258478000
258489000
258499000
258500000
258503000
258505000
258507000
258509000
258517000
258524000
258528000
258529000
258534000
258535000
258551000
258558000
258569000
258571000
258593000
258595000
258598000
258599000
258615000
258617000
258634844
258657000
258663000
258672000
258691000
258694000
258713000
258727000
258732000
258746000
258758000
258759000
258764000
258771000
258772000
258776000
258778000
258791000
258799000
258809000
258812000
258821000
258841000
258844000
258871000
258873000
258881000
258901000
258902000
258908000
258914000
258931000
258932000
258943000
258944000
258962000
258968000
258984000
258992480
258998000
258999189
259006000
259017000
259039000
259076000
259078000
259082000
259085000
259087000
259091000
259092000
259094000
259097000
259098000
259102000
259104000
259106000
259107000
259119000
259120000
259125000
259131000
259137000
259139000
259153000
259162000
259171000
259193000
259200000
259203000
259210000
259215000
259216000
259221000
259222000
259225000
259228000
259237000
259241000
259245000
259252000
259253000
259260000
259261000
259274000
259278000
259279000
259281000
259282000
259302000
259307000
259310000
259320000
259322000
259330000
259335000
259336000
259344000
259356000
259371000
259386000
259387000
259390000
259393000
259395000
259397000
259401000
259405000
259416000
259423000
259425000
259427000
259428000
259432000
259436000
259439000
259456000
259464000
259468000
259472000
259475000
259476000
259478000
259488000
259496000
259501000
259503000
259506000
259508000
259511000
259520000
259521000
259524000
259525000
259526000
259529000
259530000
259537000
259539000
259540000
259551000
259558000
259562000
259576000
259589000
259591000
259592000
259593000
259595000
259599000
259604000
259609000
259610000
259612000
259623000
259628000
259631000
259634000
259637000
259638000
259641000
259649000
259650000
259656000
259666000
259668000
259673000
259674000
259677000
259679000
259682000
259683000
259691000
259695000
259697000
259713000
259795000
259822000
259826000
259827000
259855000
259883000
259885000
259898000
259917000
259937000
259955000
259959000
259963000
259976000
259983000
259987000
259988000
259991000
259994000
261000140
261000200
261000210
261000320
261000340
261001250
261003330
261011460
261012580
261019170
261024110
261025530
261027110
261028820
261036130
261160962
261182606
261182607
261199000
261482000
2614900
261512000
261517000
261521000
261535000
261536000
262626262
263241000
263564000
263576000
263583000
263602566
264162220
264162254
264163194
264900043
264900073
264900111
264900193
264900197
264900215
264900239
264900253
264900262
264900301
264900318
264900321
265001000
265004000
265010000
265041000
265150000
265177000
265280000
265292000
265339000
265349000
265365000
265410000
265411000
265463000
265472000
265509140
265509180
265509710
265509950
265511420
265511830
265512110
265513160
265513810
265514130
265514860
265516670
265518160
265518880
265520400
265520420
265522210
265522220
265522540
265522680
265522690
265522700
265523070
265527920
265530870
265530880
265531370
265532300
265546890
265546910
265546920
265546940
265547230
265547240
265547250
265547260
265548350
265549760
265550210
265553970
265561620
2655619
265563050
265568280
265579090
265581970
265585310
265585590
265585630
265587000
265588910
265588920
265593530
265594380
265600140
265604550
265604560
265604580
265606540
265607720
265609960
265610860
265610870
265610940
265612300
265612890
265615050
265624900
265627630
265629200
265647200
265649900
265650820
265650950
265650970
265656810
265660390
265663280
265663480
265669960
265670330
265698740
265701610
265704000
265724260
265738540
265739650
265754450
265754770
265760070
265760610
265762030
265767620
265768380
265785410
265786000
265866000
265874000
266017000
266018000
266027000
266065000
266077000
266210000
266225000
266232000
266239000
266248000
266252000
266261000
266262000
266301000
266308000
266314000
266331000
266343000
266384000
266421000
266424000
266442000
266447000
266448000
268
268168
268268268
269001000
269057123
269057259
269057270
269057296
269057316
269057336
269057367
269057405
269057477
269057496
269057507
269057548
269064000
269108840
269675000
269817000
270431000
271000000
271000488
271000743
271000936
271000975
271000976
271001000
271001022
271001039
271002488
271002491
271002561
271002578
271002596
271002615
271005004
271010032
271010366
271040024
271040254
271040319
271042562
271042599
271042993
271043393
271043476
271043664
271043854
271044056
271044109
271044166
271044303
271044344
271044446
271044683
271056001
271072069
271123456
272000000
272005800
272006200
272012000
272034500
272037700
272106900
272113500
272130100
272137600
272137700
272208000
272269000
272364000
272384000
272441000
272593000
272597000
272627000
272628000
272645000
272683000
272697000
272700000
272750000
272756000
272762000
272978000
273000000
273000001
273000002
273000003
273000005
273010158
273031205
273031432
273051863
273052251
273054913
273110100
273111000
273111111
273119500
273123000
273123456
273133100
273137200
273152100
273152800
273153100
273154000
273155110
273155500
273156000
273195000
273211500
273213500
273217700
273245600
273246800
273248500
273251100
273252100
273294400
273295700
273296700
273298600
273298800
273310710
273311330
273312530
273312620
273312780
273313400
273314730
273315070
273315400
273315660
273315930
273316240
273316460
273317270
273317810
273317910
273318420
273318530
273318750
273319160
273319630
273319750
273319940
273320560
273323360
273324360
273324460
273325350
273325460
273326320
273326560
273326830
273331420
273331690
273331750
273331920
273332140
273332320
273332640
273332660
273332730
273333730
273333950
273334130
273335530
273335710
273335930
273336230
273336310
273336610
273338060
273340920
273341120
273341430
273341920
273342810
273345020
273346230
273348570
273348820
273350160
273350220
273350230
273350410
273350610
273350950
273351590
273351610
273352280
273353250
273353470
273353480
273353670
273353750
273353770
273353940
273354160
273354420
273354950
273355160
273355290
273355460
273355490
273355640
273355700
273355780
273355820
273355950
273356160
273356180
273356720
273357160
273357360
273357490
273358350
273358750
273358880
273359440
273359670
273359680
273359800
273359870
273360480
273362580
273362790
273363370
273363480
273363650
273364370
273367380
273368480
273368980
273369320
273369680
273370990
273371120
273371720
273372920
273372960
273373270
273373370
273373520
273373720
273374140
273374330
273374520
273375330
273375620
273376220
273376280
273376330
273376460
273376840
273377030
273377650
273378390
273379670
273380220
273380310
273380700
273380810
273382140
273382300
273382920
273383170
273383700
273383800
273384330
273384430
273384970
273385300
273385570
273386110
273386600
273386850
273387400
273387700
273387810
273388870
273389200
273389300
273389550
273389600
273390190
273390270
273390590
273390640
273391790
273391950
273392020
273392860
273392990
273393010
273393530
273394060
273396090
273396110
273396190
273397190
273397740
273397870
273398160
273398450
273398780
273398790
273398890
273399090
273410740
273412090
273413160
273413300
273413400
273414400
273414800
273420170
273421130
273421260
273421460
273423940
273424870
273425330
273426110
273426540
273427570
273430960
273431020
273431060
273431440
273431450
273434010
273434180
273434390
273435190
273435310
273435390
273436640
273436830
273438920
273439850
273440100
273440900
273441620
273441940
273442050
273442530
273442920
273442990
273443140
273443220
273443890
273444710
273444750
273445220
273445880
273445890
273446150
273447260
273447520
273447610
273447780
273447940
273448380
273448750
273449020
273449510
273450700
273451570
273451770
273452670
273452930
273453320
273453430
273453660
273453770
273454430
273454600
273454620
273454860
273455700
273456230
273458560
273458950
273459300
273459330
273459430
273513600
273518800
273523100
273540330
273549320
273550600
273554600
273555500
273556666
273566666
273567765
273810710
273811080
273826910
273840800
273840900
273841710
273843700
273845700
273846700
273848010
273848400
273849000
273853400
273890100
273890200
273891300
273892200
273897000
2739999
273999991
275041056
275049117
275049148
275084000
275282000
275305000
275325000
275347000
275353000
275439000
275449000
275461000
275481000
275777000
276260000
276329000
276342000
276415000
276458000
276462000
276519000
276554000
276585000
276672000
276718000
276756000
276776000
276779000
276780000
276787000
276796000
276797000
276806000
276807000
276810000
276815000
276816000
276817000
276829000
276830000
276835000
277006000
277291000
277380000
277385000
277425000
277449000
277461000
277464000
277486000
277493000
277526000
277540000
277541000
277545000
278037000
278645000
3
300000000
300005997
303275000
304010318
304010376
304011025
304020821
304039000
304043000
304056000
304068000
304080000
304080887
304093000
304146000
304214000
304330000
304374000
304433000
304496000
304509000
304519000
304596000
304664000
304667000
304677000
304771000
304780000
304811000
304863000
304880000
304882000
304922000
304954000
304962000
304977000
304984000
304991000
305006000
305062000
305075000
305078000
305081000
305082000
305149000
305155000
305223000
305264000
305268000
305270000
305287000
305293000
305299000
305346000
305411000
305513000
305542000
305558000
305575000
305576000
305592000
305598000
305600000
305627000
305649000
305688000
305689000
305697000
305741000
305760000
305779000
305844000
305845000
305859000
305883000
305886000
305904000
305973000
305978000
305979000
305982000
305994000
306009000
306042000
306080000
306091000
306093000
306096000
306102000
306109000
306335000
306336000
306337000
306338000
306497000
306805000
306862000
308022000
308078000
308094000
308188000
308198000
308214000
308228000
308293000
308297000
308315000
308322000
308399000
308419000
308429000
308532000
308654000
308667000
308668000
308785000
308803000
308847000
308971000
308975000
309051000
309131000
309224000
309227000
309272000
309281000
309336000
309536000
309577000
309616000
309691000
309716000
309839000
309841000
309908000
309996000
309997000
310459000
310484000
310495000
310504000
310551000
310563000
310625000
310644000
310657000
310664000
310674000
310679000
310696000
310722000
310731000
310750000
310757000
310768000
311000083
311000085
311000092
311000094
311000096
311000097
311000137
311000193
311000253
311000261
311000269
311000279
311000280
311000289
311000304
311000317
311000330
311000339
311000365
311000413
311000419
311000453
311000459
311000512
311000523
311000622
311000628
311000636
311000672
311000673
311000674
311000682
311000683
311000756
311004400
311007200
311008200
311016500
311016600
311016900
311019700
311026000
311027000
311027800
311027900
311030700
311030800
311036800
311037300
311038800
311039200
311041200
311041300
311043200
311043300
311044100
311044200
311047500
311050200
311050400
311050900
311052900
311053200
311054400
311054700
311055900
311057100
311058100
311060200
311060300
311061700
311062200
311062400
311063100
311063900
311066400
311076300
311076400
311133000
311222333
311223000
311265000
311293000
311294000
311461000
311483000
311493000
311553000
311562000
311578000
311603000
311652000
311664000
311675000
311743000
311744000
311773000
311783000
311821000
311852000
311931000
311985000
311995000
311996000
312021000
312100000
312227000
312256000
312262000
312288000
312344000
312358000
312372000
312420384
312492000
312555000
312557000
312595000
312656000
312665000
312715000
312747000
312854000
312921000
312974000
314238000
314266000
314292000
314427000
314433000
314953527
316001002
316001096
3160011
316001104
3160013
316001340
3160016
3160019
3160029
3160030
316003310
316003380
316003878
316003980
316004040
316004890
316005178
316005374
316006025
316006460
316007853
316011358
316011760
316011810
316011910
316013075
316013210
316013290
316013370
316013740
316013808
316013910
316014110
316014140
316014240
316014341
316015133
316015251
316018378
316019244
316023718
316023959
316028326
316033407
316034688
316034881
316035664
316050000
316057000
316072000
316093000
316100000
316133000
316163000
316303000
316323000
316337000
319002500
319004100
319008700
319014600
319024600
319039800
319043500
319046900
319057600
319058000
319073100
319084600
319085900
319088200
319095100
319095300
319111300
319118900
319123456
319139300
319144200
319264000
319349000
319404000
319440000
319538000
319560000
319581000
319608000
319732000
319819000
319865000
319866000
319904000
319919000
321456789
323232323
323456789
325350000
325981000
329001200
329002300
33
331000074
331000092
331000093
331000096
331000392
331008000
331011000
331036000
331037000
331061000
331072000
331101000
331119000
331142000
331155000
331168000
331180000
331184000
331185000
331197000
331208000
331209000
331213000
331214000
331218000
331238000
331394000
331428000
331458000
331479000
331480000
331569000
331577000
331613000
331615000
331634000
33333333
333333333
333333339
338123353
338139461
338166954
338186356
338211341
338447000
338481000
338517000
338681000
338792000
338806000
338860000
338902000
338927000
338929000
339213465
339213508
339214032
339244972
339377000
339702000
341095000
341128000
341138000
341172000
341376000
341392000
341449000
341456000
341504000
341537000
341784000
341792000
341799000
341824000
341864000
345000000
345000001
345010033
345010037
345010059
345110010
345110016
345160013
345200021
35
351010000
351060000
351081000
351095000
351110000
351136000
351175000
351199000
351206000
351217000
351229000
351251000
351260000
351315000
351355000
351405000
351512000
351522000
351531000
351544000
351629000
351634000
351698000
351713000
351746000
351757000
351782000
351800000
351805000
351896000
351910000
351923000
351950000
352039000
352090000
352199000
352231000
352245000
352300000
352335000
352349000
352358000
352367000
352386000
352485000
352524000
352544000
352555000
352594000
352604000
352619000
352669000
352684000
352688000
352692000
352718000
352757000
352775000
352780000
352784000
352814000
352837000
352842000
352850000
352854000
352856000
352859000
352873000
352894000
352957000
352971000
352979000
352983000
353013000
353070000
353073000
353083000
353188000
353200000
353206000
353249000
353260000
353306000
353368000
353373000
353402000
353446000
353520000
353579000
353625000
353628000
353632000
3536806
353686000
353702000
353749000
353831000
353835000
353862000
353884000
353922000
353933000
353937000
353969000
353973000
354048000
354075000
354123000
354124000
354128000
354138000
354150000
354180000
354196000
354205000
354206000
354212000
354215000
354260000
354289000
354292000
354297000
354304000
354311000
354318000
354340000
354361000
354365000
354415000
354444000
354484241
354494000
354497000
354510000
354526000
354593000
354610000
354622000
354636000
354668000
354707000
354710000
354737000
354760000
354762000
354785000
354807000
354857000
354858000
354871000
354891000
354913000
354921000
354934000
354946000
354963000
354974000
354991000
355055000
355078000
355088000
355113000
355120000
355153000
355185000
355187000
355209000
355214000
355249000
355256000
355305000
355307000
355331000
355376000
355377000
355378000
355386000
355410000
355422000
355443000
355470000
355471000
355488000
355494000
355519000
355520000
355522000
355548000
355576000
355584000
355649000
355667000
355677000
355694000
355717000
355733000
355753000
355793000
355806000
355823000
355835000
355844000
355871000
355872000
355876000
355893000
355906000
355925000
355948000
355959000
355962000
355979000
355985000
355994000
355998000
356006000
356086000
356102000
356144000
356235000
356262000
356312000
356330000
356340000
356350000
356353000
356361000
356362000
356369000
356371000
356380000
356433000
356453000
356572000
356593000
356643000
356702000
356745000
356752000
356793000
356794000
356812000
356832000
356843000
356855000
356875000
356890000
356942000
356946000
356956000
356984000
357002000
357026000
357083000
357096000
357106000
357144000
357240000
357268000
357285000
357291000
357293000
357320000
357328000
357382000
357396000
357398000
357422000
357446000
357498000
357542000
357562000
357577000
357586000
357611000
357628000
357654000
357677000
357694000
357757000
357773000
357790000
357798000
357840000
357887000
357920000
357977000
357984000
357993000
362011000
362015000
362024000
362025000
362030000
36581
366029970
366379000
366516380
366576000
366614000
366665000
366693850
366725230
366782000
366818810
366828620
366839000
366855710
366857410
366884240
366932970
366932980
366938750
366943490
366952790
366952870
366952890
366966210
366980490
366995010
366998520
366998820
367000110
367000120
367000150
367002350
367006620
367016420
367029470
367031390
367032060
367032830
367049000
367059990
367061930
367061980
367066970
367073370
367075220
367078850
367082860
367097970
367100060
367139590
367143860
367161940
367168640
367174670
367199860
367211000
367221000
367300590
367301070
367304010
367306490
367308430
367318000
367318980
367328780
367335830
367348000
367351520
367352690
367356580
367376440
367379670
367382920
367400220
367411970
367452870
367458880
367472930
367473510
367473520
367476250
367479630
367492890
367496749
367500750
367509850
367513050
367516950
367519290
367529770
367543070
367553370
367562110
367589310
367589530
367590860
367605850
367632260
367636710
367641230
367643790
367661950
367665030
367668580
367691280
367693850
367696080
367704430
367706270
367724460
367730420
367741150
367770270
367776660
367777460
367838000
367867000
368000940
368035000
368040810
368044750
368046090
368124000
368138000
368173000
368250000
368470000
368474000
368488000
368494000
368515000
368685000
368736000
368737000
368820000
368857000
368916000
368921000
369170000
369230000
369323000
369327000
369332000
369335000
369466000
369565000
369855000
369970121
369970329
369970428
369970576
369970636
370001000
370069000
370095000
370096000
370120000
370130000
370170000
370178000
370189000
370221000
370234000
370247000
370271000
370308000
370346000
370360000
370422000
370430000
370453000
370484000
370508000
370522000
370565000
370613000
370648000
370662000
370674000
370699000
370724000
370774000
370789000
370797000
370799000
370852000
370874000
370904000
370941000
370956000
371003000
371007000
371057000
371065000
371119000
371129000
371166000
371177000
371180000
371290000
371322000
371326000
371347000
371377000
371398000
371401000
371420000
371426000
371437000
371443000
371495000
371549000
371590000
371602000
371632000
371633000
371659000
371691000
371701000
371710000
371713000
371729000
371797000
371800000
371809000
371832000
371838000
371861000
371868000
371878000
371885000
371900000
371910000
371932000
371936000
371941000
371965000
371989000
371995000
372022000
372027000
372070000
372083000
372100000
372121000
372123000
372140000
372148000
372240000
372297000
372301000
372314000
372328000
372336000
372352000
372355000
372363000
372372000
372390000
372393000
372404000
372453000
372506627
372514000
372523000
372532000
372588000
372616000
372620000
372634000
372712000
372714000
372754000
372787000
372862000
372883000
372904000
372908000
372921000
372953000
372971000
372972000
372981000
373000001
373041000
373057000
373096000
373122000
373168000
373170000
373194000
373214000
373228000
373231000
373275000
373289000
373302000
373312000
373325000
373327000
373344000
373362000
373392000
373398000
373408000
373428000
373468000
373473000
373485000
373509000
373575000
373638000
373640000
373658000
373667000
373686000
373695000
373703000
373740000
373765000
373774000
373789000
373795000
373871000
373903000
373909000
373940000
373944000
373968000
373996000
373997000
374008000
374062000
374078000
374079000
374084000
374097000
374122000
374171000
374198000
374203000
374240000
374249000
374268000
374289000
374312000
374361000
374402000
374407000
374422000
374423000
374463000
374464000
374507000
374546000
374552000
374568000
374586000
374602000
374604000
374605000
374610000
374612000
374727000
374734000
374748000
374750000
374767000
374776000
374779000
374821000
374865000
374883000
374925000
374940000
374946000
374962000
374968000
374969000
374994000
375046000
375106000
375177000
375206000
375219000
375254000
375308000
375325000
375332000
375401000
375446000
375448000
375539000
375572000
375615000
375616000
375735000
375785000
375799000
375863000
375938000
376001000
376011000
376091000
376128000
376175000
376371000
376372000
376374000
376397000
376436000
376492000
376496000
376521000
376556000
376563000
376624000
376639000
376807000
376913000
376958000
376991000
377062000
377138000
377256000
377288000
377326000
377331000
377389000
377444000
377514000
377549000
377732000
377901027
377901039
377901068
377901071
377924000
378007000
378112306
378112811
4
400000000
403000000
403000001
403006000
403010000
403289000
403517000
403518000
403519000
403544000
403557000
403711810
408826000
410000000
411043946
411044010
411111111
412000000
412000001
412000002
412000003
412000004
412000005
412000006
412000007
412000008
412000009
412000010
412000011
412000012
412000013
412000016
412000058
412000068
412000087
412000088
412000099
412000100
412000111
412000123
412000222
412000666
412000888
412000999
412001510
412001580
412004321
412006688
412006803
412008333
412008888
412010101
412010201
412011000
412011060
412012345
412015060
412020172
412020202
412025470
412030000
412030303
412035110
412035305
412040404
412044103
412044510
412045811
412049010
412055880
412080808
412085118
412088888
412090909
412100000
412110110
412111111
412111131
412111231
412111999
412118691
412121761
412121762
412121763
412123321
412123456
412123457
412123458
412131111
412140172
412160101
412160302
412200015
412200146
412200991
412201818
412206009
412207000
412208660
412208780
412209073
412209157
412214860
412217999
412222222
412234567
412270001
412270002
412271490
412280947
412280954
412280958
412280994
412300000
412300210
412301040
412302160
412303030
412312345
412320000
412320025
412320027
412320028
412322062
412322222
412322250
412323000
412325620
412326863
412326864
412326874
412326888
412326896
412328714
412328741
412329406
412329463
412331034
412331036
412331076
412331077
412331078
412331079
412331499
412331530
412333333
412345678
412345679
412348301
412348936
412349055
412350000
412350108
412350980
412352380
412354056
412354058
412354269
412354445
412355588
412355668
412356789
412356879
412361860
412362050
412366190
412366210
412366590
412370008
412371192
412371204
412371205
412375110
412379780
412381050
412388888
412400000
412411341
412412412
412414060
412420114
412420197
412420213
412420214
412420229
412420254
412420352
412420405
412420406
412420422
412420431
412420448
412420454
412420459
412420462
412420501
412420504
412420561
412420575
412420596
412420622
412420649
412420677
412420688
412420691
412420787
412420799
412420804
412420805
412420807
412420821
412420848
412420854
412420891
412420903
412420908
412420922
412420924
412420927
412420928
412420931
412420934
412420955
412420956
412420961
412420967
412420968
412420971
412420972
412420973
412420974
412420979
412420983
412420991
412420992
412420994
412421003
412421013
412421014
412421016
412421018
412421019
412421023
412421027
412421033
412421037
412421038
412421042
412421062
412421065
412421111
412421356
412422695
412422696
412423606
412425706
412425740
412428538
412430070
412432280
412438180
412439576
412439583
412440000
412440037
412440039
412440269
412440272
412440453
412440558
412440559
412440561
412440562
412440805
412441060
412450000
412451860
412452000
412454060
412456789
412458888
412460000
412460022
412460066
412460279
412460616
412460811
412465077
412466000
412468376
412468590
412470450
412470887
412471830
412472870
412476657
412478730
412481102
412481104
412482958
412482985
412482986
412488888
412501830
412520150
412524240
412532000
412553510
412553920
412555555
412555666
412567890
412568000
4125712
412588888
412591150
412592390
412592630
412596333
412596855
412596888
412608195
412630170
412666000
412666666
412666931
412672210
412678050
412679210
412691310
412695660
412695710
412697270
412698710
412700789
412703860
412705310
412750271
412755540
412765420
412766470
412786000
412800000
412855000
412862918
412863000
412888887
412888888
412896533
412897884
412992000
412999038
412999888
412999992
412999993
412999999
413000000
413000001
413000002
413000003
413000006
413000008
413000009
413000011
413000012
413000013
413000018
413000088
413000097
413000098
413000168
413000222
413000328
413000888
413005008
413007899
413008208
413010020
413013000
413015015
413021230
413024530
413024560
413031010
413035070
413045678
413052570
413058000
413060000
413066666
413089000
413093816
413123123
413123456
413142000
413200000
413201110
413204960
413222000
413222222
413235000
4132387
4132502
413270220
413270770
413300000
413302640
413302980
413325160
413326250
413333333
413350710
413351710
413352410
413352450
413359840
413364330
413365150
413365220
413366020
413366670
413368170
413369680
413369890
413375380
413378590
413400250
413401210
413413000
413413413
413435000
413438940
413442610
413455150
413456780
413456789
413459180
413460000
413460380
413463540
413465680
413470280
413472010
413473110
413473180
413473190
413473210
413473370
413473920
413475340
413478560
413479470
413479910
413488640
413489030
413491960
413500000
413501640
413505590
413507510
413509990
413555460
413555555
413555570
413562000
413577000
413620650
413666666
413690240
413695410
413700010
413700560
413705710
413706480
413762498
413762499
413762501
413762822
413762824
413762825
413762834
413763721
413768368
413768622
413770000
413772682
413772902
413773285
413773395
413773723
413774471
413775132
413775221
413775249
413777089
413777098
413777342
413777777
413778432
413778445
413779469
413779471
413780000
413780097
413780854
413781019
413781023
413781284
413781764
413782363
413782414
413782424
413782874
413783656
413784177
413784716
413784806
413785071
413785234
413786034
413786128
413786411
413787133
413787286
413790871
413792148
413792821
413792842
413793755
413794894
413795274
413796086
413797405
413797833
413800000
413800008
413800046
413800048
413800064
413800103
413800116
413800129
413800467
413800476
413800622
413800628
413800685
413800765
413800797
413800814
413800958
413801175
413801212
413801221
413801234
413801344
413801401
413801405
413801414
413801415
413801516
413801578
413801611
413801714
413801734
413801744
413801893
413801903
413801971
413802014
413802063
413802177
413802221
413802268
413802283
413802663
413802675
413802682
413802748
413802763
413802767
413802817
413802818
413802908
413802913
413803003
413803089
413803328
413803329
413803334
413803423
413803856
413804199
413804248
413804439
413804535
413804632
413804665
413804786
413805013
413805023
413805949
413805982
413806162
413806208
413806339
413806502
413807011
413807033
413807438
413808343
413808425
413809065
413809468
413810285
413810444
413810579
413811065
413811226
413811333
413811419
413811694
413812013
413812467
413812479
413812525
413812616
413812685
413812709
413812742
413812782
413812826
413813196
413813197
413813198
413813209
413813299
413813579
413814014
413814427
413815052
413815511
413815936
413816299
413816605
413816718
413816973
413818012
413819016
413819216
413819336
413819496
413820058
413820166
413820212
413820764
413820832
413821718
413821822
413822207
413822279
413822599
413823048
413823782
413823794
413823901
413824236
413824316
413825256
413825279
413825439
413825612
413826076
413826172
413826299
413827166
413827432
413827434
413827448
413827557
413827637
413828261
413828463
413828782
413829028
413829686
413831289
413832099
413832237
413832574
413832607
413832713
413832947
413832995
413833194
413833363
413833481
413834008
413834916
413835018
413835532
413835857
413836005
413836006
413836105
413849803
413850349
413854121
413855473
413858989
413859296
413860000
413860439
413861532
413861839
413862106
413862201
413879000
413880000
413888888
413888899
413897000
413900000
413900695
413904169
413904644
413904723
413906456
413906457
413906535
413906708
413907581
413912152
413932429
413940123
413941169
413951078
413952011
413952567
413952671
413952826
413955588
413955591
413956206
413957892
413960000
413964961
413965073
413966129
413971000
413971315
413972607
413973000
413976057
413977396
413985212
413989369
413989463
413989464
413996093
413997517
413998998
413999118
413999999
414010000
414073000
414123880
414170000
414348000
414481808
414706000
415999198
416000000
416000001
416000005
416000029
416000137
416000168
416000205
416001838
416002222
416002251
416002269
416002287
416002425
416002447
416002477
416002481
416002566
416002646
416002655
416002732
416002764
416002876
416002926
416002995
416003015
416003192
416003223
416003575
416003800
416004203
416004204
416004279
416004418
416004507
416004624
416004635
416004747
416004772
416004797
416004859
416004968
416005019
416005060
416005073
416005081
416005082
416005083
416005115
416005152
416005206
416005248
416005261
416005307
416008800
416011800
416022949
416027456
416035800
416044149
416044736
416047539
416056700
416058800
416058900
416060900
416063800
416080500
416088900
416089800
416091900
416098600
416115700
416153600
416155500
416165700
416166700
416167900
416176800
416187800
416219500
416223700
416239800
416241500
416245700
416245900
416316000
416329000
416440000
416450000
416498000
416509000
416602000
416625000
416734000
416741000
416745000
416771000
416773000
416874000
416891000
417000000
417000601
417000610
417000627
417000748
417000781
417222332
418030075
419000000
419000001
419000101
419000109
419000117
419000126
419000168
419000181
419000245
419000282
419000293
419000533
419000629
419000765
419000848
419000849
419000850
419000885
419000949
419000975
419000997
419001077
419001105
419001125
419001130
419001141
419001189
419001201
419001205
419001210
419001244
419001253
419001258
419001261
419001269
419001319
419001343
419001500
419002997
419026700
419046000
419055600
419060900
419067600
419071800
419111111
4192234
419506112
419539000
419565000
419621000
419729000
419752000
419901429
420000000
422000000
422035200
422040700
422050100
422056500
422611000
422856000
428000112
428000116
430000000
431000000
431000001
431000006
431000252
431000984
431001044
431001072
431001112
431004228
431007147
431007155
431009152
431026000
431076000
431079000
431100610
431101148
431105000
431110000
431156000
431161000
431200030
431289000
431312000
431316000
431335000
431341000
431342000
431356000
431374000
431398000
431417000
431424000
431444000
431448000
431461000
431500020
431500040
431600010
431600270
431602020
431602232
431602342
431620000
431700130
431700260
431700980
431702850
431703830
431704220
431704230
431750000
431753000
431782000
431791000
431797000
431873000
431875000
431889000
431999523
432045000
432228000
432298000
432346000
432355000
432408000
432448000
432454000
432463000
432473000
432503000
432522000
432624000
432714000
432717000
432744000
432767000
432771000
432772000
432801000
432824000
432838000
432865000
432875000
432876000
432894000
432904000
432905000
432934000
432943000
432950000
432952000
432955000
432957000
432967000
432974000
432984000
432991000
436000223
440000000
440037000
440038000
440058000
440067000
440089000
440100000
440101100
440105540
440119040
440125000
440154000
440163000
440200000
440203000
440246000
440282000
440328000
440347000
440400430
440400470
440479000
440502300
440628000
440636000
440647000
440664000
440699000
440755000
440773000
440782000
440811000
440815000
440834000
440847000
440854000
440895000
440926000
440966000
440992000
440999999
441000000
441043000
441060000
441242000
441483000
441635000
441645000
441726000
441864000
441908000
441923000
44444444
444444444
450485000
450553000
455346000
457264000
457417000
457900024
460100910
463000000
466251000
466321000
466410000
466431000
469834776
470000000
470000002
470000004
470000005
470003000
470004000
470100000
470100001
470100002
470109000
470123000
470123456
470130000
470159000
470215000
470237000
470250000
470279000
470281000
470327600
470372000
470381000
470390000
470394000
470396000
470459000
470484000
470522000
470533000
470566000
470573000
470591000
470607000
470638000
470664000
470689000
470722000
470739000
470810000
470888000
470896000
470903000
470909000
470917000
470925000
470938000
470942000
470956000
470964000
470977000
473000000
477007700
477017600
477021800
477035100
477040500
477043200
477043700
477046300
477050700
477071100
477076500
477091800
477098300
477102800
477105600
477108800
477117300
477136900
477150100
477158400
477170500
477177100
477182700
477182800
477188600
477188800
477193700
477195700
477196800
477207100
477218500
477220100
477241200
477241500
477250100
477257600
477266900
477274500
477293100
477293400
477293500
477300500
477300800
477317200
477334300
477346800
477347700
477390200
477398000
477413700
477415600
477423600
477434300
477439200
477444500
477454600
477462400
477477200
477477600
477518400
477519400
477519500
477522000
477527700
477537400
477537600
477547900
477548200
477552300
477552600
477598100
477620900
477692400
477694300
477700600
477711300
477712600
477728300
477742700
477746400
477748400
477764700
477767900
477776200
477776700
477786200
477790200
477792400
477845200
477849400
477850300
477851400
477866600
477898100
477900500
477904300
477926300
477938500
477947100
477950300
477982100
477985400
481100007
5
500000000
501
502
503
503000039
503009000
503012700
503025040
503043000
503047020
503064000
503087000
503090600
503320500
503338000
503380000
503432000
503433000
503517000
503528000
503552000
503562000
503564000
503566100
503576700
503595000
503632600
503649700
503657000
503674000
503686000
503687000
503718000
503740000
503794900
510080000
510084000
511187000
511204000
511231000
511238000
511421000
511555000
511642000
512000048
512000058
512000102
512000741
512002959
512003558
512004928
512004996
512005663
512006326
512063000
512071000
512263000
512427000
512439000
512443000
512445000
518000004
518000085
518100027
518100179
518100256
518236000
518631000
518730000
518808000
520146000
520174000
520176000
520318000
525000000
525000010
525001103
525001104
525001111
525001354
525003109
525003135
525003217
525003408
525005011
525005012
525005014
525005017
525005031
525006200
525009190
525010222
525010229
525013041
525013045
525015333
525015383
525015669
525015779
525015925
525016608
525018098
525019003
525019019
525019115
525019195
525019522
525019557
525020155
525021179
525021270
525025077
525088888
525100028
525100614
525101010
525101081
525111111
525111222
525119024
525123456
5251537
525555555
525777888
525888888
525999999
529874000
529890106
53
533000000
533000174
533130391
533130407
533130421
533333001
533558000
533914000
537985053
538002276
538002321
538002476
538002510
538002528
538002630
538002652
538002750
538002781
538002849
538002864
538002875
538002911
538002960
538002961
538003016
538003027
538003047
538003061
538003073
538003158
538003191
538003214
538003219
538003278
538003311
538003461
538003477
538003501
538003515
538003522
538003582
538003584
538003639
538003668
538003688
538003760
538003822
538003976
538003987
538004018
538004029
538004032
538004034
538004079
538004085
538004089
538004093
538004160
538004182
538004187
538004276
538004296
538004317
538004370
538004396
538004475
538004484
538004533
538004540
538004564
538004590
538004601
538004646
538004653
538004655
538004717
538004719
538004791
538004794
538004912
538004923
538004942
538004966
538004971
538004981
538004983
538004997
538005012
538005058
538005062
538005069
538005072
538005107
538005114
538005172
538005192
538005252
538005255
538005264
538005308
538005309
538005373
538005391
538005404
538005408
538005481
538005486
538005528
538005536
538005538
538005557
538005559
538005574
538005578
538005588
538005592
538005602
538005605
538005651
538005655
538005690
538005693
538005695
538005696
538005728
538005732
538005733
538005752
538005771
538005776
538005829
538005900
538005909
538005929
538005933
538005959
538005966
538005977
538006001
538006021
538006027
538006028
538006031
538006070
538006084
538006107
538006109
538006164
538006181
538006183
538006217
538006267
538006269
538006274
538006278
538006282
538006287
538006289
538006295
538006303
538006304
538006305
538006355
538006369
538006376
538006378
538006397
538006408
538006410
538006411
538006427
538006428
538006429
538006464
538006468
538006475
538006484
538006508
538006521
538006523
538006533
538006540
538006544
538006566
538006568
538006600
538006607
538006630
538006631
538006648
538006651
538006668
538006687
538006688
538006702
538006707
538006750
538006769
538006774
538006782
538006798
538006819
538006827
538006835
538006837
538006848
538006866
538006907
538006936
538006970
538006974
538007011
538007065
538007079
538007098
538007099
538007112
538007121
538007125
538007155
538007156
538007157
538007166
538007198
538007201
538007209
538007231
538007236
538007247
538007251
538007269
538007279
538007308
538007343
538007355
538007400
538007402
538007432
538007441
538007446
538007474
538007516
538007581
538007588
538007633
538007802
538007899
538007956
538008017
538070730
538070921
538071028
538071221
538090070
538090124
538090148
538090232
538090261
538090304
538090337
538090418
538090452
538090465
538090488
538090492
54
546017900
548000000
548033300
548034300
548625300
548816000
548847000
548899000
548934000
548940000
548944000
548947000
548952000
553111692
555555555
56020168
56020588
56023169
56023749
56026146
563000000
563001300
563002100
563002700
563003200
563003400
563007400
563008500
563008700
563010500
563011000
563012600
563013100
563013900
563014400
563016500
563018000
563018600
563019500
563020260
563020300
563022800
563024890
563030090
563031400
563032900
563033800
563035100
563042200
563050600
563051200
563051300
563051700
563052400
563052500
563102000
563176000
563187000
563217000
563220000
563231000
563262000
563265000
563312000
563374000
563376000
563379000
563403000
563419000
563423000
563458000
563488000
563545000
563554000
563574000
563598000
563612000
563614000
563622000
563647000
563677000
563693000
563696000
563724000
563737000
563758000
563815000
563831000
563835000
563838000
563855000
563933000
563935000
563947000
563950000
563955000
564037000
564056000
564086000
564103000
564132000
564159000
564178000
564180000
564199000
564268000
564421000
564460000
564589000
564644000
564648000
564673000
564716000
564721000
564727000
564753000
564803000
564805000
564822000
564837000
564910000
564913000
564973000
564979000
564994000
565030000
565042000
565048000
565148000
565178000
565222000
565246000
565259000
565275000
565286000
565287000
565295000
565345000
565376000
565384000
565431000
565435000
565436000
565440000
565476000
565484000
565533000
565555000
565600000
565655000
565673000
565678000
565755000
565757000
565769000
565792000
565801000
565885000
565936000
565955000
565964000
565979000
566000000
566044000
566054000
566059000
566085000
566133000
566149000
566157000
566162000
566164000
566165000
566169000
566173000
566187000
566215000
566223000
566300000
566321000
566327000
566341000
566365000
566367000
566395000
566425000
566445000
566448000
566454000
566462000
566471000
566476000
566479000
566484000
566490000
566494000
566498000
566506000
566524000
566600000
566637000
566642000
566646000
566658000
566694000
566709000
566749000
566779000
566787000
566796000
566829000
566830000
566878000
566915000
566957000
566966000
566977000
567000000
567001370
567001730
567002160
567111111
567278000
56790
570173000
57021133
57023069
57025315
57044569
57044705
572914210
574000000
574002540
574123456
574500000
576044000
576195000
576220000
576260000
576302000
576343000
576399000
576483000
576719000
576737000
576909000
576955000
576988000
577033000
577034000
577131000
577133000
577167000
577177000
577190000
577191000
577193000
577208000
577209000
577242000
577270000
577306000
577325000
577328000
577346000
578000200
578000500
58
58014387
58014493
58014516
58014769
58015100
58015124
58015179
58015933
59
591053964
592924841
6
60
600000000
600000001
600013249
600052588
601005500
601045000
601056000
601078000
601119500
601126900
601135600
601140800
601156000
601159800
601161000
601169000
601180400
601188600
601202400
601220800
601223500
601225300
601225500
601235300
601236900
601242800
601265000
601266000
601289000
601305800
601306500
601332000
601333500
601409000
601524000
601671000
601762000
601791000
601807000
601824000
601826000
601974000
601977000
601985000
601986000
604
61
6149
616401000
616836000
616999424
616999522
617010200
618000500
619006000
62
620000002
620090000
620094000
620268000
620293000
621001000
621819019
621819043
622111005
622121618
622121620
622123000
622123231
622123990
622123999
626004001
627067000
627169000
627175000
627179000
627720000
627999415
63
630123005
630123009
634120000
634122000
634125000
635000300
635019200
635218000
635221000
635225000
636002790
636009053
636011290
636011634
636011842
636012617
636012627
636012800
636012804
636013086
636013177
636013450
636013451
636013646
636013800
636013956
636013998
636014235
636014240
636014251
636014487
636014500
636014503
636014515
636014587
636014655
636014709
636014716
636014746
636014796
636014800
636014814
636014973
636015004
636015015
636015085
636015181
636015187
636015204
636015205
636015231
636015233
636015272
636015273
636015291
636015366
636015410
636015421
636015427
636015428
636015505
636015522
636015548
636015549
636015556
636015585
636015624
636015650
636015651
636015658
636015664
636015665
636015685
636015698
636015708
636015713
636015771
636015788
636015794
636015816
636015851
636015860
636015861
636015872
636015892
636015893
636015894
636015897
636015899
636015907
636015912
636015946
636015952
636015957
636015989
636015993
636016035
636016077
636016126
636016151
636016152
636016205
636016208
636016227
636016238
636016239
636016269
636016280
636016291
636016292
636016304
636016420
636016429
636016433
636016436
636016445
636016466
636016468
636016500
636016582
636016585
636016608
636016658
636016682
636016701
636016750
636016795
636016804
636016808
636016892
636016949
636016964
636016983
636016984
636016986
636017012
636017017
636017045
636017055
636017056
636017062
636017064
636017091
636017107
636017114
636017144
636017150
636017164
636017169
636017188
636017249
636017275
636017285
636017294
636017319
636017344
636017384
636017385
636017395
636017416
636017418
636017469
636017516
636017517
636017536
636017556
636017570
636017579
636017581
636017582
636017592
636017605
636017609
636017613
636017648
636017669
636017670
636017683
636017699
636017725
636017741
636017764
636017782
636017802
636017803
636017827
636017870
636017878
636017900
636017902
636017907
636017919
636017921
636017928
636017934
636017941
636017944
636017949
636018029
636018035
636018088
636018139
636018140
636018143
636018146
636018389
636018455
636018490
636018529
636090616
636090642
636090859
636090861
636090916
636090963
636090980
636091016
636091031
636091033
636091088
636091091
636091171
636091196
636091266
636091270
636091279
636091308
636091400
636091486
636091619
636091634
636091688
636091829
636091835
636091934
636092079
636092151
636092161
636092199
636092255
636092269
636092275
636092319
636092320
636092378
636092399
636092442
636092463
636092478
636092548
636092592
636092593
636092597
636092598
636092612
636092635
636092656
636092679
636092680
636092683
636092689
636092696
636092708
636092711
636092712
636092736
636092742
64
642122024
645147000
645278000
645301000
645372000
645400000
645448000
645466000
645469000
647521310
65
650027000
650107000
650117000
650148000
654123789
655558888
657100100
657103400
657104700
657105000
657106000
657109500
657110800
657111000
657111031
657112500
657113000
657114200
657115800
657117300
657117900
657118600
657119600
657122200
657123100
657126300
657127200
657127500
657128500
657128800
657129500
657130500
657131200
657131300
657132000
657132800
657134800
657136100
657136600
657137200
657141800
657149100
657152400
657160700
657179000
657228000
657506000
657602000
657697000
657893000
657914000
657979000
659030000
659068000
659192000
659252000
659254000
659283000
659391000
659398000
659422000
659426000
659432000
659441000
66
660001500
660002700
663000000
663036000
663142000
664060000
664063000
664070000
664085000
664094000
664099000
664104000
664139000
664201000
664541000
664582000
664589000
665111117
665111129
665111130
666000001
666666666
667001222
667001680
667005111
667123456
67
671051000
671111000
671476000
671551000
671879000
671930000
674010040
677001020
677013100
677015400
677026300
677039000
677054700
677057000
677059100
677060500
677060600
677062300
677071000
677071300
677071400
677071700
677090200
677091000
677092100
686868686
688130618
69
690610108
690610110
690610241
690610487
690610623
690630008
690630051
690630253
690630305
690660048
690660050
690660055
690660072
690660099
690660112
690660145
690660201
690660305
690660306
690660455
690660478
690690043
690690046
6932
7
70
700000000
700000001
701000321
701000515
701000529
701000537
701000540
701000546
701000551
701000554
701000558
701000562
701000583
701000586
701000622
701000627
701000639
701000646
701000651
701000663
701000680
701000687
701000696
701000698
701000720
701000732
701000735
701000755
701000756
701000792
701000794
701000803
701000818
701000827
701000834
701000835
701000837
701000838
701000880
701000919
701000927
701000929
701000940
701006003
701006005
701006018
701006035
701006037
701006044
701006046
701006056
701006058
701006071
701006074
701006085
701006099
701006105
701006135
701006161
701006204
701006216
701006226
701006232
701006247
701006271
701006319
701006336
701006341
701006373
701006430
701006445
701006455
701006463
701006471
701006520
701006545
701006576
701006592
701006605
701006609
701006637
701006655
701006693
701006698
701006706
701006709
701006714
701006724
701006725
701006727
701006735
701006747
701007051
701019000
701023000
701024000
701027000
701031000
701037000
701068000
701080000
701088000
701094000
701096000
701097000
701100000
701101000
701103000
701104000
701105000
701108000
701111000
701112000
701113000
701123456
701404100
701504000
701508000
701509999
701514000
701515000
701517000
701547000
701808000
701812000
701833000
702106000
704643072
71
710000000
710000001
710000003
710000007
710000009
710000011
710000022
710000025
710000026
710000030
710000077
710000230
710000242
710000340
710000350
710000388
710000429
710000435
710000440
710000450
710000466
710000467
710000596
710000675
710000680
710000824
710000872
710000873
710000925
710001010
710001100
710001123
710001124
710001234
710001270
710001280
710001354
710001600
710001694
710001780
710001788
710001810
710001845
710001852
710001950
710002080
710002134
710002168
710002275
710002520
710003080
710003310
710003470
710003880
710004470
710004480
710004910
710005290
710005320
710005440
710005540
710005570
710005660
710005670
710005810
710006020
710006060
710006080
710006410
710006650
710006930
710007030
710007040
710008030
710008380
710008410
710008540
710008710
710008790
710008830
710009040
710009340
710009360
710009470
710009480
710009510
710010220
710010240
710010540
710010840
710010850
710010930
710011770
710011790
710011840
710012010
710012020
710012290
710012450
710012740
710013180
710013430
710014320
710014840
710016210
710017090
710017510
710018340
710018630
710018640
710020930
710022550
710022690
710023030
710023860
710023980
710024740
710025250
710025850
710026070
710026140
710026360
710026490
710027150
710028140
710028150
710028450
710028580
710028810
710028930
710029020
710029470
710029750
710030020
710030260
710030270
710030390
710030460
710030670
710030680
710031000
710031380
710032160
710069000
710071000
710074009
710074011
710074016
710088000
710123456
710235000
710237000
710251000
710253000
710348001
710554433
710756894
710777777
710999321
710999900
710999934
710999994
711000016
712000000
712048554
712345678
72
725000139
725000146
725000205
725000219
725000255
725000261
725000287
725000297
725000317
725000320
725000332
725000335
725000358
725000380
725000390
725000406
725000410
725000460
725000470
725000480
725000580
725000613
725000620
725000625
725000631
725000635
725000636
725000638
725000652
725000659
725000662
725000667
725000668
725000669
725000681
725000690
725000695
725000714
725000715
725000721
725000722
725000736
725000747
725000763
725000777
725000794
725000801
725000803
725000818
725000823
725000850
725000875
725000877
725000879
725000880
725000882
725000890
725000895
725000896
725000906
725000909
725000910
725000926
725000927
725000929
725000938
725000941
725000942
725000949
725000950
725000962
725000963
725000964
725000970
725000971
725000979
725000981
725000983
725000984
725001003
725001026
725001031
725001045
725001048
725001049
725001080
725001100
725001123
725001130
725001133
725001134
725001135
725001137
725001143
725001155
725001165
725001172
725001174
725001180
725001193
725001204
725001212
725001221
725001276
725001277
725001292
725001297
725001305
725001320
725001346
725001404
725001419
725001426
725001437
725001441
725001467
725001479
725001490
725001502
725001506
725001514
725001516
725001522
725001523
725001530
725001534
725001543
725001544
725001547
725001596
725001611
725001619
725001634
725001700
725001785
725001925
725001940
725001950
725001953
725001963
725001965
725001968
725001970
725002200
725002300
725002350
725002360
725002370
725002560
725003220
725003260
725003410
725003550
725003660
725003670
725003720
725003850
725003900
725003970
725004220
725004230
725004260
725004270
725004360
725004370
725004430
725004440
725004500
725004520
725005100
725007600
725007800
725010010
725011100
725011900
725012400
725014700
725014800
725015600
725016800
725017700
725017800
725017900
725018100
725019109
725019110
725019210
725019329
725019687
725019910
725066537
73
730000000
7300701
730127000
730128000
730151209
735023409
735023470
735057550
735057565
735057575
735058769
735058776
735059039
735059214
74
740335000
740336000
740339000
740349000
740356000
740357000
740372000
740380000
740382000
740399000
745005600
755004318
755004348
755019000
755201178
756144428
76
760000001
760000007
760000011
760000040
760000131
760000210
760000250
760000340
760000570
760000650
760000690
760000880
760001200
760001210
760001220
760001300
760001440
760001490
760001560
760001700
760010613
760106000
760123403
760126000
760130000
760999991
76620603
77
770576044
770576060
770576114
770576115
770576122
770576134
770576154
770576165
770576189
770576191
770576200
770576220
770576223
770576229
770576247
770576248
770576249
770576260
770576262
770576264
770576265
770576272
770576278
770576282
770576283
770576342
770576364
770576393
770576401
770576439
771045689
773982424
775000000
7751010
775123456
775353000
775503000
775510000
775629000
775990200
775990220
775990260
775994290
775994620
775996375
777777777
778669007
78
787057615
787878787
788235679
789456123
789643247
79
790999999
799999999
8
80
800000000
800000100
800026019
800050671
800054106
800123456
800412001
800412002
8072781
8073718
808464432
808464456
808464464
808464480
808464488
808464496
808466512
808663857
808663912
808664168
808777801
81
82
829007932
83
833254492
84
848507543
85
875411111
877223149
877223151
877223161
877223164
877223343
877224871
881983500
882819382
887767528
888000001
888000002
888000003
888000004
888259705
888274404
888298303
888298305
888298307
888298308
8888888
888888886
888888888
888888999
897898896
9
90
900000000
900000001
900000002
900028873
900123456
900200001
900288827
901233333
91
920101116
928000608
928001406
928001408
928001803
928001806
928002202
928002203
928002205
970595383
970595963
970596339
970597629
970597631
980042216
98336888
987654321
987654322
990000001
990000002
990000003
990000004
990000005
990000089
990000099
990071002
990094003
990099002
991270808
992241009
992241082
992351215
992351217
992351224
992351228
992351229
992351230
992351231
992441005
992511049
992571019
992576007
992576198
992576252
992576345
992626001
992626002
992626003
992626004
992626005
992736002
992736003
992736004
992736005
993161010
993161067
993161068
993161069
993628002
993672087
993692048
994121700
994131622
994131623
994131626
994131627
994131662
994136303
994136306
994136307
994136310
994136311
994136312
994136313
994136314
994136315
994136316
994136317
994136318
994136319
994136320
994136321
994136322
994136455
994136456
994136467
994136501
994136502
994136503
994136504
994136508
994136510
994136511
994136512
994136514
994136515
994136523
994136525
994136526
994136528
994136601
994136602
994136620
994136622
994136623
994136710
994136711
994136712
994136713
994136715
994136718
994161900
994161901
994196001
994196002
994196003
994196004
994196005
994196006
994196007
994196008
994196009
994196010
994196011
994196012
994196014
994196015
994196021
994196022
994196023
994196024
994196025
994196026
994196027
994196028
994196031
994196032
994196037
994196038
994701090
995036111
995121027
995121031
996011049
996131101
996131102
996131201
996131202
996131203
996131204
996131205
996131206
996131207
996131208
996131209
996131301
996131302
996421009
997101011
997106002
997251010
997251020
997306267
999000009
999000013
999123456
999413001
999413007
999900006
999997654
999999000
99999988
999999919
99999999
999999993
999999995
999999997
999999998
999999999