244692000
338141016
244148000
431600621
503006464
0
477320700
477056200
623456789
477357000
345140500
800000000
367101920
477033000
99999999
10000000
111503018
245569000
244660341
553111692
244670079
244100055
244830185
366816256
244010887
477324000
477304000
244660967
51255292
256759000
373779000
370679808
244670108
244700500
431500448
246128000
244700884
636007699
244670549
244750739
351694000
211222350
372417000
419000001
316001247
503576600
244740052
431101065
273111111
5251537
755021000
431002607
212370000
431601033
269056851
312391000
205177000
244770618
371897000
201204131
413774502
244670113
431301631
440787000
503506000
253449000
242000000
246895000
725002020
366981080
351355000
271002499
111000000
431004351
431000008
244750350
244710137
244000000
431004228
370505000
517394555
210920000
212487000
564681000
677028200
229808000
412418140
244710367
263602556
413554350
600012239
244620854
244619000
431602031
412329684
376606000
538003218
205300000
412331035
431000412
338564000
319002601
900022832
244790610
413331000
440105000
677019500
423456789
244670437
525019003
212259000
245418000
114
319732000
265004000
226000000
255805570
503793700
367402530
470000001
367456923
366710810
235106183
616980000
375933003
276780000
431602111
412999999
245209000
357000000
431100840
214182107
244690915
367120385
372011000
244620876
205300690
230014910
345040019
565337000
205487290
244020244
319819000
366941870
412328990
211611680
567064200
244630113
224226720
419000409
413550320
431100922
538005495
244650920
339377000
431100522
244770838
567010000
486015102
356006000
503760000
205279890
245999170
412438180
230361000
477995031
413804648
503602000
244532000
244630115
366996620
211207760
271000683
339000064
910060668
244780739
431501293
244670078
677030500
319072600
265522240
257303420
431100284
412000020
412555558
370273000
503006650
412876000
755402403
634299369
235011130
316001266
538070485
231647126
257114400
244700749
219292000
311187279
258223000
228006800
345050002
316001248
412499000
366773060
503605000
257022800
205292190
373967000
265200588
205072000
431002273
257257000
4550902
316003123
365864783
679
925171828
657123456
407573528
244830741
412000000
415000000
200804300
244650879
477038000
555555555
244790972
999999999
431301658
412568888
1
422000000
18976437
276672000
876543210
576131000
412400000
205008600
211227410
111503019
235102029
412420197
431600641
431100182
431300888
245907000
413567890
201208170
413333333
367373850
413695890
244020033
770576328
431004146
111100000
770576220
412456789
244710708
244670101
900000008
244660648
246426000
565110000
503006466
244650795
240000000
477937100
255805561
413470430
371398000
373650000
316012880
413425440
412470050
477197300
564218000
457602000
357736000
3361806
470565000
710000009
367120230
431500366
352286000
431301453
309742000
412303490
372930000
311025600
230309829
244660757
244790985
244710882
367060190
961118000
413413413
378535939
244780346
477937900
52753565
244700987
412204730
413424240
227000000
244690859
351801000
366952890
244670112
440156000
244670391
244670997
367584740
367145870
440305430
413819241
246027000
412460850
413465680
357154000
244020876
244710126
244660815
563925000
244750275
244780380
205644000
271001023
244750786
244070156
412208030
244670664
244670084
775996425
440000001
244700897
244690454
244700124
52816081
367388450
238118940
245580000
244660416
999999111
308701000
244060924
413324780
205512190
370343000
525019522
701007014
457900002
503575700
412751470
356777000
431300697
514468000
210035000
354636000
244710475
431300414
431200271
440011630
431402037
235007523
321456987
431000678
123456798
230181000
245742000
230629000
431000301
316001796
413466740
417222957
345030007
311753000
431101165
440185000
412011080
431004777
244790679
244060306
431700423
316009747
565435000
775996471
710013210
431003385
273324600
7100079
366773090
244128000
371910000
245999190
373123000
356116000
244710879
259216000
244710051
431004611
244690015
269057336
412460330
316009547
232001470
244740681
503679200
205545000
503500700
245085000
316001234
244710034
319022200
273325350
354921000
412432280
367586130
244740484
205506390
354756000
413770326
246211000
271002493
999000009
205295690
431004067
244660656
244670797
265650970
412158000
377311000
367110910
235078566
367533191
316001267
244660328
230309831
357385000
357555000
372696000
272111111
329003100
470566000
205013000
710005450
538004945
257210000
428000502
6459022
339396000
375133000
441251000
33029006
210233856
477995060
263701960
100900000
770576272
525000000
412666666
244630184
244780466
123456788
808663857
710000000
477074000
477320600
244690646
244690611
416000000
244645890
370515000
305542000
431004622
357572608
477041000
244620946
347001903
370763000
244780514
422227000
244630605
755000000
246172000
244670399
503622800
359391232
366826940
230309835
538005073
441178000
412100000
244660152
564785000
413980000
553456789
205233000
403702810
431003365
352360000
515967000
246526000
230309824
412208660
431004494
319249000
503759000
525123456
413464610
253124000
431501797
205188000
244020463
441828000
808464464
538004056
503576100
316001257
431501801
244700850
412000088
503419000
304716000
244090901
220284000
367309910
235012119
205481290
413763886
477197500
244010219
503576800
431401796
256754002
362064000
219017081
319713002
431401969
657716000
412434390
477937800
538003345
111111110
503162600
246918000
431301747
205264290
244810692
244660086
244630427
412460880
432341000
413975326
477197400
538004029
442000012
244700123
412428748
375879000
244790091
244690019
710000001
244710182
245405000
308705000
701547000
538070921
354361000
205538000
244710450
525005010
770576009
205349890
352814000
205293390
412433333
244700533
244615899
211130000
431301679
431003061
900200001
271041607
888888889
235101697
316009712
316011409
244700059
213777000
345070404
244805000
567191698
205483000
312906000
525000002
366686185
503577100
244670175
269057368
271000539
205388090
412596889
244790079
503000000
412322323
431400523
244274000
8888
645147000
212641000
431401857
372579000
366381648
367102450
538005315
413361780
563802000
352775000
419555000
419058300
440773000
373490000
244670809
431000147
248463000
245781000
512000532
419000411
366749710
367599248
135792468
370262000
431000598
311104000
244820227
265200587
316014621
357330000
230981000
636015505
205386590
513807845
244700295
362592528
245518000
244660052
356027000
4163400
205421990
867680460
225803960
219000604
403125000
321234500
367581960
357255000
357181000
263629144
236228000
367009430
525022300
413456789
413760000
999123456
503575900
9
245724000
412345678
338141018
268
226269000
100000000
431005164
503615300
413000005
412760990
1193046
413592590
211462080
701000648
376566000
503575800
351409000
333333333
413666666
316013007
538005121
808464456
400000000
987654321
525005017
235022611
431000848
365961216
205252190
244615283
271043394
413473210
413123456
244650632
19199133
431200647
412356789
316012774
271000743
431401953
367398915
576564000
244660996
403701610
367335830
230172000
412222222
770576186
366804030
431001006
244670755
304422000
701006244
431700169
244780283
370001000
710000115
431400833
413780000
412421701
311026500
431004325
316015121
246024000
352367000
205301290
316001245
245593000
431301606
440258000
244660434
413372490
24465607
431336000
60
230186000
244730048
219380000
470383000
413774000
13585417
244650928
354333000
366972620
477937200
431501856
412596999
265951000
431100372
373105000
238123456
244700991
413202750
212400000
244620173
246333000
514170000
276696000
372731000
244700196
431000001
9999
413821718
412040340
431100146
205114000
538005442
304020821
657011006
244710114
271002492
622123000
244740814
244528000
366900670
431800389
230637000
366773050
370511000
470919000
367004120
431000275
256758000
211000000
770576117
244780783
356696000
412377310
244670999
431300131
431400476
370491000
244750587
246538000
412438615
371453000
413785000
354942000
319855000
366709770
777000002
355911002
413024560
503320900
224768000
431002489
26647116
503678900
235009978
11111111
25654025
257534600
671496000
230309836
413666661
366772990
273331750
900000009
245282000
422856000
634299367
456321000
265522230
205674000
211503210
412358109
211352600
245601000
412376470
259677000
636011527
244730476
291838374
367071320
412002440
230309820
370625000
431100022
412424910
257256400
515200000
333000340
210139000
367389230
533966101
419000000
123456789
477031000
431100033
477039000
477384000
247590000
244660611
725000652
224704000
244690604
168
272888300
808663912
503666100
412000008
412342000
244660819
244670806
245349000
564305000
686868686
413467040
700000000
18976452
477012000
223456789
244660679
244660245
477070100
710006930
1073741823
258931001
244700125
431501653
419000185
311014600
431100005
352725000
412588888
367467170
244700985
412000003
444444444
431000498
244580354
431003277
205000005
431602206
431000156
244780876
244670385
244700534
412111111
369970445
370392000
244660401
413900892
249040000
253311000
376309000
21233666
244710899
244710257
431005107
413820641
245116000
413303020
273556666
564407000
345070708
235000826
373819000
345160013
4
244070903
244690362
244750217
440999999
319936000
431005338
373223000
413255000
431000325
416450000
413436790
225397000
775996504
730044000
244700726
470100001
205274990
568888888
253296000
205394490
306009000
413324000
431001216
431000661
316011408
372478000
367424310
431101164
18207286
244750482
413930711
123451234
370777000
244660624
431400924
413473920
431500532
372798000
525001104
431401962
412365478
123123123
413900566
373255000
230987000
431501712
369500000
412006899
266037000
412078000
319264000
244710846
244660639
244817000
412448626
265871000
88888
371932000
355313000
244700830
671403000
244710865
564915000
412474720
244452992
412330055
244620933
412464160
403702210
503586200
367342230
357203000
205450690
245260000
257015700
431100966
244730470
244650475
211245200
352241000
209506000
356353000
244670274
211474990
244690316
244780264
370583000
413304270
413591750
235080245
311043800
372825000
431000259
431004027
244620869
376091000
431100945
251244110
244630022
246401000
431005083
246191000
369970444
246152000
366952790
440121000
538070191
229097000
246366000
413351670
566915000
366855937
211252540
431601949
244670357
244660997
319005600
999999991
253098000
211149000
244750692
219513000
412320033
244020449
372328000
366759130
352151000
412030000
366709780
244690652
431000592
431500744
413222000
244830512
257296400
725002060
366772980
257800500
353968000
786434
693610758
244660765
431000261
319071900
367300280
367024625
711811067
230636000
503352700
477525000
368470000
413045240
412320320
413800000
222222222
770576262
111111111
477092000
244670401
636014800
413900088
11
244974000
367309120
775000000
244700532
365961219
211234480
576290000
244650754
244710864
367113429
710012740
413000001
366863870
503680900
8072781
246096000
503575300
413473190
210130000
244670774
244010190
431602131
413827085
370506000
412361420
431100109
484696190
431003364
356986000
367521610
710000450
245711000
244670102
666666666
246901005
373130000
412333333
244750018
431000795
244186000
244620196
564388000
770576278
244670087
412412412
431400421
244620986
244772000
412300000
244690030
246187000
268268268
412900000
413775000
503576500
431500395
244670768
366961890
370681000
305983000
725000390
276813000
503576300
244670566
229435000
228008603
412450287
224840000
398589952
503701100
412420715
477958100
413823658
244660821
412596866
244820548
412324188
211438440
412555888
431001387
431004911
431300775
244650970
244660622
371633000
431005149
246587000
502521858
413591740
257062400
244353000
308851000
271000538
567000000
249486000
431004606
413960165
235080274
244620934
413940831
441072000
470903000
312613000
470250000
431100477
730049000
311000092
321456789
431401877
205391990
259417000
419000101
431400115
375508000
366773110
205377790
431500272
244090200
244453047
244660576
229876000
351713000
431601235
431500011
244660747
253077000
210584000
416241500
347001901
413468000
244287000
205030000
431401879
345070129
431200143
244670077
567001410
440111111
431000336
413474470
244620542
431000841
245999300
205460490
231647127
244650986
538070316
431501865
2500
319013500
412044103
431500352
257825500
351849000
212983046
258416000
258352500
367589000
413792966
271002520
373647000
456789999
258328500
14100067
341728000
533875000
265577480
218586000
564011134
701006034
373972000
431000038
565969000
623615654
263701294
7732054
235080023
244216000
412123456
412596112
8
477034000
205253490
258220500
412413311
244810083
244660374
503006520
431004009
477032000
477545000
316001251
244710703
111503020
431501706
244060875
477937300
431300705
246536000
6666
431100967
273000001
271042529
211484674
244780435
211517130
413000008
123456
538003879
799999999
205504190
413479470
503607000
710000869
431000243
735059022
999999998
470000000
412438742
431100682
244100731
246300000
372412000
253093000
244690847
230309761
110000000
413221000
413900000
413961142
413474540
244660409
228085000
211473470
503620600
244670106
431912000
413900349
257349400
367558659
431773000
367461377
305760000
6459021
244660031
258271000
888888
413700000
413015060
56
276747000
244650874
258931002
244770266
413455150
413935786
888888999
570444000
563012720
431000826
244660729
701000880
412047540
210050000
258844000
232002833
657011002
257559000
431002093
710999999
413733072
601601601
808464488
246381000
246883000
245232000
367024990
316003289
244670789
412596888
305171000
470573000
244650794
341213000
412468180
251290110
316002059
375446000
244630027
367533059
107374182
246657000
235009590
244670109
431500526
244670063
205415690
354934000
431601219
271002502
412400155
466000000
431003009
431301103
371830000
410000000
362063000
244700680
244740404
613123456
367340680
677019800
366772960
265547260
205517490
370507000
413827432
525002063
367000140
367514520
244710018
244630038
235082717
259674000
272000000
255838000
367488490
123456780
413440830
244670122
338517000
244740873
244700798
355233000
518273000
319349000
212561000
431000124
431401715
367365210
244620959
227023300
244670745
367355240
244730890
230184000
366812330
367456771
375819000
431005054
725000394
211359850
440105540
244825000
308126000
431002504
244630015
312288000
258505000
269057316
209627000
45663000
244660067
412300004
413024610
373880000
320855576
211001940
367568460
9999999
755123456
503542400
205393190
316001249
244710825
412301890
258841000
367426830
205284690
338124562
231641620
563975000
219016906
367154120
636015180
538004311
688888888
352134000
263864256
400556157
273452600
229108000
316019244
212636000
271000733
6149
477509000
201006210
201211180
477303000
565000000
920101116
413002887
900000000
256754003
367145680
600000000
566610000
413473180
477937400
300000000
667854750
440000000
431000659
503758000
413822010
244060879
412000005
244750495
431800699
244700046
775996461
244010716
214182108
230309833
412412444
245906000
245999160
235900006
431003651
244630706
244710702
229877000
321123321
244700855
431301674
244750030
431400732
503575600
486014978
205454090
251495110
667854751
431100957
412002190
525005014
244710340
244700378
413777777
345000000
244620947
244750356
525002062
319058000
244730205
412460960
271040319
352797001
244740200
775090000
244750341
503575500
412000009
413300000
999999222
999000000
470717000
431001046
308512000
370346000
367633410
245537000
246046000
412888887
354292000
370486000
111111000
244750119
352055000
355497000
312786000
244650880
431003739
205389826
246411000
477937600
245679000
355911003
657523000
431100403
205525490
205505590
230309827
412047340
244710710
636092560
273123456
244622000
370801000
246316000
224689000
431000332
244020943
413021110
367393280
412043550
413376610
273000005
244700715
413503620
244650575
355911001
412356950
431005219
244660377
244660306
413100000
470000348
244650878
503576700
244030421
470415000
244750117
319002603
431601394
265000000
701006331
205284990
525010000
244710659
210667000
319027300
351923000
431400378
205401290
413678000
244670293
244650807
366977450
412420502
367512530
710001520
412097150
229296000
205418790
244787000
228330801
245494000
273326250
311023500
355385000
601339000
503603000
244010955
367010060
311028700
271000975
205200190
212368000
412303030
367026710
503745700
263701940
503604000
565769000
431402034
125639874
477502000
403000000
205491290
413826059
725003670
351915000
225374000
412031050
357026000
412560000
316012053
264402017
470743000
413554960
264402010
367449050
219000603
211190000
367162020
230309819
316011461
413827188
412472440
413856794
413192939
730151014
200000000
413905228
412070130
5
477356000
338139461
366816340
271000734
273000000
244710763
372079000
3
431601677
477064000
244660408
367309860
271056001
503595000
808464496
100000001
477026000
413999999
412000001
273354210
244690212
412450000
367028860
431800401
466204000
353983000
413900376
503575400
701006018
808464432
431200683
412888888
477385000
636015205
244391037
235084702
431100859
533569000
244070620
100912345
244810665
431101045
503006522
431704490
503576900
413360000
257629000
431000859
412555555
431000742
413358020
244650323
205502390
311000164
244710457
431400487
413800067
273380700
244730531
244660825
244670062
205203124
413400210
405000099
244710817
244660518
367004240
244670107
367309280
477197200
246301000
345071936
353183000
412750140
412459510
457900040
371089000
412324222
219282000
234781000
367132672
244670098
244650951
775996501
413056000
503387400
253008000
466205000
244060858
244660113
244660745
503738300
244690405
525019019
246537000
431003537
219318000
111111112
310413000
6459024
244670998
431400211
366996430
244660172
431200516
431400685
636014169
244700771
375616000
24466375
244660412
235707000
431501487
319904000
244660627
311071600
256754001
367014190
228163801
235007521
710001290
636009832
413940589
247295400
770576282
412438724
420000003
244630533
564721000
244660062
431501479
375933001
218780000
123454321
245470000
244257000
244020684
244010724
431401978
269057472
375632000
503726000
244730927
244780576
245059000
219018172
205391690
564081001
367037750
245505000
297417668
413371950
914091298
440104910
244050426
811475070
210621000
431602142
538005239
431400769
431000236
431501732
503616300
229095000
370755000
357942000
677056100
273000003
373408000
636013800
770576122
235010450
244700837
230639000
243990530
431003158
775505000
370045000
412882000
367061930
259386000
17971867
412370632
367864000
477334300
538005293
209375000
305355000
457900042
367120489
244030798
205193000
330973130
413820636
245510000
51301808
412355550
265513810
412018430
244509000
413822011
431400282
235074533
413695360
265514130
271002533
244758000
538003938
431500117
319054600
503007660
37717511
412413353
525015903
413855757
258062500
525001105
1888861
367644460
775996180
345861671
413000000
808664168
244660083
888888888
412000030
12345678
338419712
477056300
6645040
477072000
244630606
246836000
470281000
2
413888888
431100325
412459420
657901000
525015932
353446000
244700537
123
244700398
777777777
338140928
244630169
244616000
244770727
237
477037000
431000528
431002092
431000175
658765027
431002508
636091433
244630353
413904358
370522000
273000002
377912000
244690002
808464480
245670000
244700126
431005016
413666888
503338000
244454000
311000165
246026000
316001269
503576200
111222333
677011200
362029000
431101119
431000792
431501275
269057360
403040000
666000001
412596777
244710207
212396000
477937500
789789789
704643072
457900060
477937700
412000040
548000000
367598440
244780366
244690295
244700127
205477290
431600768
244620964
316001238
503577200
999999990
413258693
272319000
265549760
244453016
244820145
244660252
432528000
367398931
205356490
244730150
244660655
371401000
355970000
341504000
403700310
244084683
244710118
244700519
503576400
431301604
7
353160000
564328000
525003109
244690001
431400593
244010352
219000479
244711426
600003200
355647000
244660482
367628660
730000000
205505090
413787888
564789000
367400420
247090600
244603000
244020488
440181000
202020200
431501764
367001000
235083344
244708000
677036900
33161218
244964000
244730862
316001252
897898896
431100332
319002602
431004059
412470450
246478000
304953000
211
273999999
244700816
244660418
244660594
246137000
431003614
230628000
304975000
431100272
244700364
442000074
413693170
503645300
219458000
245136000
246211100
244660875
413781898
265522220
413270290
440067000
470457000
470826000
457900024
244730020
211218820
305622000
403010000
431100955
245866000
431101161
431004359
244304000
316001295
245010000
205045800
413433180
265522210
244690027
710012990
211444890
205365890
413426160
202010200
245617000
600012923
371673000
431300334
373257000
373615000
205454656
247341100
228330803
525021315
273345290
259419000
211440680
755999782
316014040
205466000
431501613
263701890
377561000
345070074
235080015
377901021
259668000
408718000
272121500
909836668
325823127
236650000
