576004000
205000001
412755340
244580354
123456789
244010910
477070100
246528000
999999991
249040000
413222000
710000720
352559000
316011408
123888888
355488000
316001242
246713000
244750217
352725000
1111
477012000
354971000
356723000
370777000
351710000
677038000
503499100
225397000
710001000
97
311014600
775995400
376091000
168
244710865
477039000
367122380
372478000
677036300
341949000
354622000
353534000
568888888
413930711
412044510
88888
419000000
219825000
223456789
205394490
219622000
477031000
710002790
376309000
601980000
244700534
244838000
700000000
222256789
477384000
229097000
808663912
366998923
345070708
244780780
367306128
413789056
352329847
11020512
230634000
413423180
257791000
41969700
413940515
755123456
413322420
354101000
107374182
244670122
527000001
244660409
470000000
701509000
265547260
245527000
413359070
477034000
999999998
316001251
219230000
253416000
376657000
441829000
481232500
232002833
412371660
477545000
367122390
244670063
370507000
265509950
244660374
211484674
412420503
244060875
244670789
123456987
244630110
265527920
410000000
412330930
311824000
412123456
244700379
305750000
311393000
244730890
440618000
123456
720801000
244710703
244859000
246300000
244216000
244700680
246536000
412047540
244780435
366998784
367154120
477032000
477937300
205393190
412596888
412421130
319617000
413700000
244770767
413000008
538004941
244770089
205123456
338683000
387448952
425001042
211588680
876852802
635994120
563457000
413940534
376550490
232003539
265514130
725000625
351984000
413770000
244690405
211100000
412450000
701006018
412000001
244780005
271056001
273000003
352894000
371421000
244710763
3
229095000
413301410
246296000
367327920
564721000
246537000
412888888
205404390
244710817
205193000
265513810
477064000
710001290
273000000
100000001
354668000
477356000
412035223
235095629
564638000
273380700
244050426
224079000
353983000
244391037
525015903
372079000
211143890
259386000
529466000
367061930
357942000
246335000
413697830
311021100
244660408
477026000
316001262
775995430
244690212
236111919
367083520
218780000
244394000
319904000
477385000
413554030
412555555
308399000
319327000
244700556
100912345
319956000
319048200
244780213
109046476
310651000
88
244780576
503744000
367508120
366998785
412286036
244780756
219014974
710999996
755020000
477509000
477303000
244750119
412303030
244670088
345000000
311028700
710001520
205389826
244630439
111111000
219000368
352769000
570317989
244700938
244010082
354292000
201006210
244660449
525010000
224689000
371756000
370346000
246543000
440000000
312786000
710002450
657270000
366970020
244730894
244710340
366778450
413473180
244700380
370486000
470717000
244750495
245906000
477937400
244650575
265586630
355497000
316003656
525008028
999999444
413300000
244700378
356159000
370801000
413905572
999999903
710012010
244700337
470123456
900000000
920101116
564404000
900268698
264162940
15
265000000
367551270
319155000
413788196
244780602
51171687
775996321
403040000
230969000
244690002
316004240
366799090
677036900
413695720
6645040
345020012
657901000
244603000
316001246
355970000
710999915
371502000
309076000
263701890
244700537
265522210
10
371401000
244710207
353576000
376262000
413417510
413000000
372810000
244711426
477072000
246517000
503338000
888888888
244660875
777777777
370513000
370189000
12345678
355193000
413902147
563301000
477037000
24465003
704643072
808664168
244616000
244710118
273358350
237
677011200
677036200
355647000
123
214181810
412000030
2
564789000
354587000
477937700
477937500
366920370
273000002
123455678
666000001
265604580
244780366
265522220
207261203
412000040
415000012
222222220
376526000
352859000
477056300
538003286
244780511
412459420
2012586
246216000
376185000
265547250
412301340
11020098
261003590
985036900
376229000
311026500
205114000
253059000
256758000
244710114
403006000
205132000
13585417
1193046
265650950
355432000
244528000
245282000
245082000
11111111
354942000
291838374
413123456
576115000
900000009
205285890
244730376
244615283
413024660
245154000
244670755
316005717
354574000
370491000
657601000
367099640
701000648
376626000
572465210
244660996
246024000
316001245
412345678
100000000
333333333
370511000
372731000
312304000
370625000
366978910
304020821
245079000
356299000
265522230
109054476
800017800
24465607
9
525005017
316012774
413990837
987654321
413666666
244750587
312851000
367392512
268
311000018
413473210
413592090
244780525
205642000
244780700
413015010
244780783
963619371
1053904160
367443783
450549000
308851000
770576262
244186000
244000001
244353000
244740802
265604560
353465000
351849000
412421120
121763936
8072781
412300000
470903000
244620542
576290000
244630070
244974000
244660747
900123123
249039000
316001235
354199000
775000000
413000001
677037700
253077000
222222222
413800000
244690030
8073718
244010190
351156000
701006105
376178000
111111111
246587000
477092000
413473190
244700532
123456778
235080274
345070700
249486000
503383600
244790496
370506000
412333333
710000450
710000500
412001963
341092000
319013500
335550841
244780543
244780584
701060000
273290200
244780807
109050476
379592825
367300864
366998016
370585000
370763000
205233000
244670809
8888
4163400
244110011
370455000
205188000
503000000
205050000
412100000
244700850
477320600
900300308
477197400
370560000
357181000
888888889
244645890
123456788
477074000
370515000
244710928
319038700
553456789
111111110
525000001
316014621
525000000
316001257
477029000
205053000
244750687
525123456
244740442
319249000
352775000
412666666
244700533
235012119
355290000
371411000
567001370
354361000
220284000
265514120
244710450
356027000
100900000
710000000
477041000
525016458
412434390
244780077
205393790
808663857
246864000
257005970
109048476
244780514
755000000
416000000
457900097
518186225
246878000
413780744
538004952
244705000
244780658
367305984
367443715
244650808
470000001
244740057
477056200
372011000
245418000
351355000
356763000
244700500
256759000
242000000
311054200
356006000
244100055
710000373
366982340
244710352
564681000
477304000
265522240
353251000
244710367
477320700
311010600
244710137
244692000
538001859
244619000
525019003
316001247
356481000
269056851
235058304
370505000
244148000
345070600
99999999
316001268
244750981
5251537
245569000
244750494
565796000
312391000
667841000
477357000
371897000
413802800
205280390
244710617
227023100
312040000
244735000
412888999
244660967
319819000
413774502
0
316001266
311187279
311036300
244780305
376029000
20049699
477324000
412000020
338940000
367543390
246128000
211222400
525015092
367535270
367009792
111100000
352861000
351801000
305658000
412011080
205278890
244660423
354921000
316001234
244670664
123456000
677036700
265604510
245958000
265041000
244700124
961118000
470770000
345030007
372696000
265589970
316001254
525019522
316009547
576131000
412015180
269057336
244660757
375133000
205008600
415000000
244710254
412000000
211430730
266026000
219001431
273555500
576368000
710005810
352123000
371910000
657841000
244740389
51781058
565435000
245907000
999999999
412396588
457900002
201208170
244750496
710999995
265527020
200804300
316001272
8407979
477038000
440322920
367138370
338071038
244740484
371398000
1
477937100
246426000
412362090
372689000
244770332
265650970
376832000
372728000
27055478
366967296
109058476
234576432
367306055
416001689
661483916
367534840
412204730
244780742
367443712
