0
1
2
3
4
5
7
8
9
11
56
60
114
123
168
211
237
268
679
2500
6149
6666
8888
9999
88888
123456
786434
888888
1193046
1888861
3361806
4163400
4550902
5251537
6459021
6459022
6459024
6645040
7100079
7732054
8072781
9999999
10000000
11111111
12345678
13585417
14100067
17971867
18207286
18976437
18976452
19199133
21233666
24465607
24466375
25654025
26647116
33029006
33161218
37717511
45663000
51255292
51301808
52753565
52816081
99999999
100000000
100000001
100900000
100912345
107374182
110000000
111000000
111100000
111111000
111111110
111111111
111111112
111222333
111503018
111503019
111503020
123123123
123451234
123454321
123456780
123456788
123456789
123456798
125639874
135792468
200000000
200804300
201006210
201204131
201208170
201211180
202010200
202020200
205000005
205008600
205013000
205030000
205045800
205072000
205114000
205177000
205188000
205193000
205200190
205203124
205233000
205252190
205253490
205264290
205274990
205279890
205284690
205284990
205292190
205293390
205295690
205300000
205300690
205301290
205349890
205356490
205365890
205377790
205386590
205388090
205389826
205391690
205391990
205393190
205394490
205401290
205415690
205418790
205421990
205450690
205454090
205454656
205460490
205466000
205477290
205481290
205483000
205487290
205491290
205502390
205504190
205505090
205505590
205506390
205512190
205517490
205525490
205538000
205545000
205644000
205674000
209375000
209506000
209627000
210035000
210050000
210130000
210139000
210233856
210584000
210621000
210667000
210920000
211000000
211001940
211130000
211149000
211190000
211207760
211218820
211222350
211227410
211234480
211245200
211252540
211352600
211359850
211438440
211440680
211444890
211462080
211473470
211474990
211484674
211503210
211517130
211611680
212259000
212368000
212370000
212396000
212400000
212487000
212561000
212636000
212641000
212983046
213777000
214182107
214182108
218586000
218780000
219000479
219000603
219000604
219016906
219017081
219018172
219282000
219292000
219318000
219380000
219458000
219513000
220284000
222222222
223456789
224226720
224689000
224704000
224768000
224840000
225374000
225397000
225803960
226000000
226269000
227000000
227023300
228006800
228008603
228085000
228163801
228330801
228330803
229095000
229097000
229108000
229296000
229435000
229808000
229876000
229877000
230014910
230172000
230181000
230184000
230186000
230309761
230309819
230309820
230309824
230309827
230309829
230309831
230309833
230309835
230309836
230361000
230628000
230629000
230636000
230637000
230639000
230981000
230987000
231641620
231647126
231647127
232001470
232002833
234781000
235000826
235007521
235007523
235009590
235009978
235010450
235011130
235012119
235022611
235074533
235078566
235080015
235080023
235080245
235080274
235082717
235083344
235084702
235101697
235102029
235106183
235707000
235900006
236228000
236650000
238118940
238123456
240000000
242000000
243990530
244000000
244010190
244010219
244010352
244010716
244010724
244010887
244010955
244020033
244020244
244020449
244020463
244020488
244020684
244020876
244020943
244030421
244030798
244050426
244060306
244060858
244060875
244060879
244060924
244070156
244070620
244070903
244084683
244090200
244090901
244100055
244100731
244128000
244148000
244186000
244216000
244257000
244274000
244287000
244304000
244353000
244391037
244452992
244453016
244453047
244454000
244509000
244528000
244532000
244580354
244603000
244615283
244615899
244616000
244619000
244620173
244620196
244620542
244620854
244620869
244620876
244620933
244620934
244620946
244620947
244620959
244620964
244620986
244622000
244630015
244630022
244630027
244630038
244630113
244630115
244630169
244630184
244630353
244630427
244630533
244630605
244630606
244630706
244645890
244650323
244650475
244650575
244650632
244650754
244650794
244650795
244650807
244650874
244650878
244650879
244650880
244650920
244650928
244650951
244650970
244650986
244660031
244660052
244660062
244660067
244660083
244660086
244660113
244660152
244660172
244660245
244660252
244660306
244660328
244660341
244660374
244660377
244660401
244660408
244660409
244660412
244660416
244660418
244660434
244660482
244660518
244660576
244660594
244660611
244660622
244660624
244660627
244660639
244660648
244660655
244660656
244660679
244660729
244660745
244660747
244660757
244660765
244660815
244660819
244660821
244660825
244660875
244660967
244660996
244660997
244670062
244670063
244670077
244670078
244670079
244670084
244670087
244670098
244670101
244670102
244670106
244670107
244670108
244670109
244670112
244670113
244670122
244670175
244670274
244670293
244670357
244670385
244670391
244670399
244670401
244670437
244670549
244670566
244670664
244670745
244670755
244670768
244670774
244670789
244670797
244670806
244670809
244670997
244670998
244670999
244690001
244690002
244690015
244690019
244690027
244690030
244690212
244690295
244690316
244690362
244690405
244690454
244690604
244690611
244690646
244690652
244690847
244690859
244690915
244692000
244700046
244700059
244700123
244700124
244700125
244700126
244700127
244700196
244700295
244700364
244700378
244700398
244700500
244700519
244700532
244700533
244700534
244700537
244700680
244700715
244700726
244700749
244700771
244700798
244700816
244700830
244700837
244700850
244700855
244700884
244700897
244700985
244700987
244700991
244708000
244710018
244710034
244710051
244710114
244710118
244710126
244710137
244710182
244710207
244710257
244710340
244710367
244710450
244710457
244710475
244710659
244710702
244710703
244710708
244710710
244710763
244710817
244710825
244710846
244710864
244710865
244710879
244710882
244710899
244711426
244730020
244730048
244730150
244730205
244730470
244730476
244730531
244730862
244730890
244730927
244740052
244740200
244740404
244740484
244740681
244740814
244740873
244750018
244750030
244750117
244750119
244750217
244750275
244750341
244750350
244750356
244750482
244750495
244750587
244750692
244750739
244750786
244758000
244770266
244770618
244770727
244770838
244772000
244780264
244780283
244780346
244780366
244780380
244780435
244780466
244780514
244780576
244780739
244780783
244780876
244787000
244790079
244790091
244790610
244790679
244790972
244790985
244805000
244810083
244810665
244810692
244817000
244820145
244820227
244820548
244825000
244830185
244830512
244830741
244964000
244974000
245010000
245059000
245085000
245116000
245136000
245209000
245232000
245260000
245282000
245349000
245405000
245418000
245470000
245494000
245505000
245510000
245518000
245537000
245569000
245580000
245593000
245601000
245617000
245670000
245679000
245711000
245724000
245742000
245781000
245866000
245906000
245907000
245999160
245999170
245999190
245999300
246024000
246026000
246027000
246046000
246096000
246128000
246137000
246152000
246172000
246187000
246191000
246211000
246211100
246300000
246301000
246316000
246333000
246366000
246381000
246401000
246411000
246426000
246478000
246526000
246536000
246537000
246538000
246587000
246657000
246836000
246883000
246895000
246901005
246918000
247090600
247295400
247341100
247590000
248463000
249040000
249486000
251244110
251290110
251495110
253008000
253077000
253093000
253098000
253124000
253296000
253311000
253449000
255805561
255805570
255838000
256754001
256754002
256754003
256758000
256759000
257015700
257022800
257062400
257114400
257210000
257256400
257257000
257296400
257303420
257349400
257534600
257559000
257629000
257800500
257825500
258062500
258220500
258223000
258271000
258328500
258352500
258416000
258505000
258841000
258844000
258931001
258931002
259216000
259386000
259417000
259419000
259668000
259674000
259677000
263602556
263629144
263701294
263701890
263701940
263701960
263864256
264402010
264402017
265000000
265004000
265200587
265200588
265513810
265514130
265522210
265522220
265522230
265522240
265547260
265549760
265577480
265650970
265871000
265951000
266037000
268268268
269056851
269057316
269057336
269057360
269057368
269057472
271000538
271000539
271000683
271000733
271000734
271000743
271000975
271001023
271002492
271002493
271002499
271002502
271002520
271002533
271040319
271041607
271042529
271043394
271056001
272000000
272111111
272121500
272319000
272888300
273000000
273000001
273000002
273000003
273000005
273111111
273123456
273324600
273325350
273326250
273331750
273345290
273354210
273380700
273452600
273556666
273999999
276672000
276696000
276747000
276780000
276813000
291838374
297417668
300000000
304020821
304422000
304716000
304953000
304975000
305171000
305355000
305542000
305622000
305760000
305983000
306009000
308126000
308512000
308701000
308705000
308851000
309742000
310413000
311000092
311000164
311000165
311014600
311023500
311025600
311026500
311028700
311043800
311071600
311104000
311187279
311753000
312288000
312391000
312613000
312786000
312906000
316001234
316001238
316001245
316001247
316001248
316001249
316001251
316001252
316001257
316001266
316001267
316001269
316001295
316001796
316002059
316003123
316003289
316009547
316009712
316009747
316011408
316011409
316011461
316012053
316012774
316012880
316013007
316014040
316014621
316015121
316019244
319002601
319002602
319002603
319005600
319013500
319022200
319027300
319054600
319058000
319071900
319072600
319249000
319264000
319349000
319713002
319732000
319819000
319855000
319904000
319936000
320855576
321123321
321234500
321456789
321456987
325823127
329003100
330973130
333000340
333333333
338124562
338139461
338140928
338141016
338141018
338419712
338517000
338564000
339000064
339377000
339396000
341213000
341504000
341728000
345000000
345030007
345040019
345050002
345070074
345070129
345070404
345070708
345071936
345140500
345160013
345861671
347001901
347001903
351355000
351409000
351694000
351713000
351801000
351849000
351915000
351923000
352055000
352134000
352151000
352241000
352286000
352360000
352367000
352725000
352775000
352797001
352814000
353160000
353183000
353446000
353968000
353983000
354292000
354333000
354361000
354636000
354756000
354921000
354934000
354942000
355233000
355313000
355385000
355497000
355647000
355911001
355911002
355911003
355970000
356006000
356027000
356116000
356353000
356696000
356777000
356986000
357000000
357026000
357154000
357181000
357203000
357255000
357330000
357385000
357555000
357572608
357736000
357942000
359391232
362029000
362063000
362064000
362592528
365864783
365961216
365961219
366381648
366686185
366709770
366709780
366710810
366749710
366759130
366772960
366772980
366772990
366773050
366773060
366773090
366773110
366804030
366812330
366816256
366816340
366826940
366855937
366863870
366900670
366941870
366952790
366952890
366961890
366972620
366977450
366981080
366996430
366996620
367000140
367001000
367004120
367004240
367009430
367010060
367014190
367024625
367024990
367026710
367028860
367037750
367060190
367061930
367071320
367101920
367102450
367110910
367113429
367120230
367120385
367120489
367132672
367145680
367145870
367154120
367162020
367300280
367309120
367309280
367309860
367309910
367335830
367340680
367342230
367355240
367365210
367373850
367388450
367389230
367393280
367398915
367398931
367400420
367402530
367424310
367426830
367449050
367456771
367456923
367461377
367467170
367488490
367512530
367514520
367521610
367533059
367533191
367558659
367568460
367581960
367584740
367586130
367589000
367598440
367599248
367628660
367633410
367644460
367864000
368470000
369500000
369970444
369970445
370001000
370045000
370262000
370273000
370343000
370346000
370392000
370486000
370491000
370505000
370506000
370507000
370511000
370515000
370522000
370583000
370625000
370679808
370681000
370755000
370763000
370777000
370801000
371089000
371398000
371401000
371453000
371633000
371673000
371830000
371897000
371910000
371932000
372011000
372079000
372328000
372412000
372417000
372478000
372579000
372696000
372731000
372798000
372825000
372930000
373105000
373123000
373130000
373223000
373255000
373257000
373408000
373490000
373615000
373647000
373650000
373779000
373819000
373880000
373967000
373972000
375133000
375446000
375508000
375616000
375632000
375819000
375879000
375933001
375933003
376091000
376309000
376566000
376606000
377311000
377561000
377901021
377912000
378535939
398589952
400000000
400556157
403000000
403010000
403040000
403125000
403700310
403701610
403702210
403702810
405000099
407573528
408718000
410000000
412000000
412000001
412000003
412000005
412000008
412000009
412000020
412000030
412000040
412000088
412002190
412002440
412006899
412011080
412018430
412030000
412031050
412040340
412043550
412044103
412047340
412047540
412070130
412078000
412097150
412100000
412111111
412123456
412158000
412204730
412208030
412208660
412222222
412300000
412300004
412301890
412303030
412303490
412320033
412320320
412322323
412324188
412324222
412328990
412329684
412330055
412331035
412333333
412342000
412345678
412355550
412356789
412356950
412358109
412361420
412365478
412370632
412376470
412377310
412400000
412400155
412412412
412412444
412413311
412413353
412418140
412420197
412420502
412420715
412421701
412424910
412428748
412432280
412433333
412434390
412438180
412438615
412438724
412438742
412448626
412450000
412450287
412456789
412459420
412459510
412460330
412460850
412460880
412460960
412464160
412468180
412470050
412470450
412472440
412474720
412499000
412555555
412555558
412555888
412560000
412568888
412588888
412596112
412596777
412596866
412596888
412596889
412596999
412666666
412750140
412751470
412760990
412876000
412882000
412888887
412888888
412900000
412999999
413000000
413000001
413000005
413000008
413002887
413015060
413021110
413024560
413024610
413045240
413056000
413100000
413123456
413192939
413202750
413221000
413222000
413255000
413258693
413270290
413300000
413303020
413304270
413324000
413324780
413331000
413333333
413351670
413358020
413360000
413361780
413371950
413372490
413376610
413400210
413413413
413424240
413425440
413426160
413433180
413436790
413440830
413455150
413456789
413464610
413465680
413466740
413467040
413468000
413470430
413473180
413473190
413473210
413473920
413474470
413474540
413479470
413503620
413550320
413554350
413554960
413567890
413591740
413591750
413592590
413666661
413666666
413666888
413678000
413693170
413695360
413695890
413700000
413733072
413760000
413763886
413770326
413774000
413774502
413775000
413777777
413780000
413781898
413785000
413787888
413792966
413800000
413800067
413804648
413819241
413820636
413820641
413821718
413822010
413822011
413823658
413826059
413827085
413827188
413827432
413855757
413856794
413888888
413900000
413900088
413900349
413900376
413900566
413900892
413904358
413905228
413930711
413935786
413940589
413940831
413960165
413961142
413975326
413980000
413999999
415000000
416000000
416241500
416450000
417222957
419000000
419000001
419000101
419000185
419000409
419000411
419058300
419555000
420000003
422000000
422227000
422856000
423456789
428000502
431000001
431000008
431000038
431000124
431000147
431000156
431000175
431000236
431000243
431000259
431000261
431000275
431000301
431000325
431000332
431000336
431000412
431000498
431000528
431000592
431000598
431000659
431000661
431000678
431000742
431000792
431000795
431000826
431000841
431000848
431000859
431001006
431001046
431001216
431001387
431002092
431002093
431002273
431002489
431002504
431002508
431002607
431003009
431003061
431003158
431003277
431003364
431003365
431003385
431003537
431003614
431003651
431003739
431004009
431004027
431004059
431004067
431004146
431004228
431004325
431004351
431004359
431004494
431004606
431004611
431004622
431004777
431004911
431005016
431005054
431005083
431005107
431005149
431005164
431005219
431005338
431100005
431100022
431100033
431100109
431100146
431100182
431100272
431100284
431100325
431100332
431100372
431100403
431100477
431100522
431100682
431100840
431100859
431100922
431100945
431100955
431100957
431100966
431100967
431101045
431101065
431101119
431101161
431101164
431101165
431200143
431200271
431200516
431200647
431200683
431300131
431300334
431300414
431300697
431300705
431300775
431300888
431301103
431301453
431301604
431301606
431301631
431301658
431301674
431301679
431301747
431336000
431400115
431400211
431400282
431400378
431400421
431400476
431400487
431400523
431400593
431400685
431400732
431400769
431400833
431400924
431401715
431401796
431401857
431401877
431401879
431401953
431401962
431401969
431401978
431402034
431402037
431500011
431500117
431500272
431500352
431500366
431500395
431500448
431500526
431500532
431500744
431501275
431501293
431501479
431501487
431501613
431501653
431501706
431501712
431501732
431501764
431501797
431501801
431501856
431501865
431600621
431600641
431600768
431601033
431601219
431601235
431601394
431601677
431601949
431602031
431602111
431602131
431602142
431602206
431700169
431700423
431704490
431773000
431800389
431800401
431800699
431912000
432341000
432528000
440000000
440000001
440011630
440067000
440104910
440105000
440105540
440111111
440121000
440156000
440181000
440185000
440258000
440305430
440773000
440787000
440999999
441072000
441178000
441251000
441828000
442000012
442000074
444444444
456321000
456789999
457602000
457900002
457900024
457900040
457900042
457900060
466000000
466204000
466205000
470000000
470000001
470000348
470100001
470250000
470281000
470383000
470415000
470457000
470565000
470566000
470573000
470717000
470743000
470826000
470903000
470919000
477012000
477026000
477031000
477032000
477033000
477034000
477037000
477038000
477039000
477041000
477056200
477056300
477064000
477070100
477072000
477074000
477092000
477197200
477197300
477197400
477197500
477303000
477304000
477320600
477320700
477324000
477334300
477356000
477357000
477384000
477385000
477502000
477509000
477525000
477545000
477937100
477937200
477937300
477937400
477937500
477937600
477937700
477937800
477937900
477958100
477995031
477995060
484696190
486014978
486015102
502521858
503000000
503006464
503006466
503006520
503006522
503006650
503007660
503162600
503320900
503338000
503352700
503387400
503419000
503500700
503506000
503542400
503575300
503575400
503575500
503575600
503575700
503575800
503575900
503576100
503576200
503576300
503576400
503576500
503576600
503576700
503576800
503576900
503577100
503577200
503586200
503595000
503602000
503603000
503604000
503605000
503607000
503615300
503616300
503620600
503622800
503645300
503666100
503678900
503679200
503680900
503701100
503726000
503738300
503745700
503758000
503759000
503760000
503793700
512000532
513807845
514170000
514468000
515200000
515967000
517394555
518273000
525000000
525000002
525001104
525001105
525002062
525002063
525003109
525005010
525005014
525005017
525010000
525015903
525015932
525019003
525019019
525019522
525021315
525022300
525123456
533569000
533875000
533966101
538003218
538003345
538003879
538003938
538004029
538004056
538004311
538004945
538005073
538005121
538005239
538005293
538005315
538005442
538005495
538070191
538070316
538070485
538070921
548000000
553111692
553456789
555555555
563012720
563802000
563925000
563975000
564011134
564081001
564218000
564305000
564328000
564388000
564407000
564681000
564721000
564785000
564789000
564915000
565000000
565110000
565337000
565435000
565769000
565969000
566610000
566915000
567000000
567001410
567010000
567064200
567191698
568888888
570444000
576131000
576290000
576564000
600000000
600003200
600012239
600012923
601339000
601601601
613123456
616980000
622123000
623456789
623615654
634299367
634299369
636007699
636009832
636011527
636013800
636014169
636014800
636015180
636015205
636015505
636091433
636092560
645147000
657011002
657011006
657123456
657523000
657716000
657901000
658765027
666000001
666666666
667854750
667854751
671403000
671496000
677011200
677019500
677019800
677028200
677030500
677036900
677056100
686868686
688888888
693610758
700000000
701000648
701000880
701006018
701006034
701006244
701006331
701007014
701547000
704643072
710000000
710000001
710000009
710000115
710000450
710000869
710001290
710001520
710005450
710006930
710012740
710012990
710013210
710999999
711811067
725000390
725000394
725000652
725002020
725002060
725003670
730000000
730044000
730049000
730151014
735059022
755000000
755021000
755123456
755402403
755999782
770576009
770576117
770576122
770576186
770576220
770576262
770576272
770576278
770576282
770576328
775000000
775090000
775505000
775996180
775996425
775996461
775996471
775996501
775996504
777000002
777777777
789789789
799999999
800000000
808464432
808464456
808464464
808464480
808464488
808464496
808663857
808663912
808664168
811475070
867680460
876543210
888888888
888888889
888888999
897898896
900000000
900000008
900000009
900022832
900200001
909836668
910060668
914091298
920101116
925171828
961118000
987654321
999000000
999000009
999123456
999999111
999999222
999999990
999999991
999999998
999999999
1073741823
