0
1
10
10000000
100000000
100000001
100010001
100124368
1002058442
1002058443
1002058444
1002058445
100900000
100912345
102762494
1042432
1057751040
107374182
1073741823
10903843
11
110000000
111000000
111016787
111016922
1111
111100000
111111000
11111111
111111110
111111111
111111112
111111113
111222333
111503018
111503019
111503020
1116734
1116923
114
1193046
1193047
123
123123123
123456
12345678
123456788
123456789
128639607
13790138
166296813
168
168168168
17043521
1712
177313816
17739082
17835812
17971867
186549031
18976437
1942
19831792
2
200
200000000
200000001
20080315
200804300
201006210
201204131
201208170
201211180
202020200
205008600
205051000
205114000
205175000
205188000
205193000
205194684
205205217
205233000
205247700
205300690
205301290
205335490
205338490
205353090
205364790
205364990
205369890
205372490
205384395
205388990
205390790
205391990
205393000
205393190
205394490
205419690
205430790
205435990
205439790
205451790
205457590
205474290
205479090
205479890
205481290
205490890
205491290
205493090
205502390
205508590
205521690
205521990
205523290
205524000
205525390
205526390
205528890
205529390
205530290
205531119
205553000
205557000
205591000
205593000
205644000
205674000
205687000
208720880
209126000
209138000
209141000
209182000
209355000
209392000
209440000
209506000
209629000
209901000
209937000
210008000
210035000
210130000
210133000
210167000
210169000
210207000
210351000
210523000
210605000
210621000
210716000
210774000
210842000
211000000
211001940
211002010
211024029
211112870
211115000
211130000
211145930
211149890
211151080
211163700
211168930
211177620
211178250
211180740
211181940
211181950
211184660
211187040
211188000
211188220
211190000
211194030
211202770
211205180
211207100
211207760
211211460
211214670
211214970
211216151
211218810
211224560
211226550
211227410
211233510
211234440
211234480
211242880
211247120
211257820
211260260
211263850
211265900
211268070
211272260
211272290
211281010
211288480
211298250
211305290
211312160
211315100
211316150
211317590
211318600
211327660
211343680
211363720
211365950
211365960
211366340
211367950
211372620
211385930
211431270
211436040
211436370
211437160
211437180
211437190
211437240
211437250
211437260
211437280
211437290
211437300
211437320
211437330
211437340
211437470
211440680
211441990
211442010
211444890
211462080
211468560
211471880
211472160
211472760
211473470
211474450
211474990
211484674
211490610
211493380
211496390
211496510
21149960
211500770
211510910
211511770
211511900
211511950
211512000
211512370
211512430
211512520
211513110
211514600
211515040
211515230
211517600
211519720
211519730
211521080
211523800
211525220
211527950
211527970
211527980
211530930
211532590
211539790
211540110
211544210
211546160
211546580
211549530
211555980
211560830
211579150
211587750
211588680
211589740
211589990
211590150
211590310
211590640
211591180
211592170
211595610
211602130
211611680
211625340
211625350
211626350
211631000
211643790
211649550
211664100
211664570
211666330
211667590
211667760
211676580
211676590
211680230
211680570
211684020
211696800
211699930
211703410
211845000
211855000
211876000
212018000
212058000
212179000
212190000
212220000
212259000
212368000
212396000
212400000
212427000
212454000
212499000
212537000
212561000
212636000
212641000
212723000
212746000
212891000
2132200
213777000
214181207
214182108
215013000
215058000
215357000
215795000
215870000
215939000
215940000
215942000
218197000
218272000
218509000
218767000
218780000
218808000
219000368
219000407
219000429
219000431
219000479
219000603
219000604
219016555
219017081
219017815
219018172
219019887
219084000
219165000
219175000
219230000
219282000
219318000
219458000
219601000
219628000
219653000
219905000
220229000
220284000
220378000
220464000
222000000
222222220
222222222
223456789
224008000
224040140
224101000
224117450
224127820
224195530
224200000
224202000
224203000
224226720
224231000
224232000
224239000
224247000
224337000
224441000
224593000
224624000
224689000
224704000
224718000
224768000
224840000
224898000
225419000
225428000
225444000
225488000
226000000
227000000
227010940
227011500
227022800
227023300
227286000
227364620
227382000
227397840
2278000
228006800
228008600
228018600
228061800
228085000
228237700
228244700
228293700
228331601
228798000
229061000
229095000
229097000
229223000
229227000
229294000
229295000
229398000
229435000
229437000
229688000
229707003
229801000
229802000
229808000
229876000
229877000
229881000
229885002
22991925
230006000
230007000
230012280
230014910
230046990
230079670
230105760
230110670
230111080
230111690
230112970
230145000
230172000
230181000
230184000
230308886
230309828
230309829
230339000
230361000
230622000
230628000
230629000
230632000
230634000
230636000
230649000
230652000
230941840
230948000
230956000
230957000
230965000
230981000
230982000
230984000
230985000
230987000
230987380
230992710
230992950
230993000
230994270
230995000
231257000
232001060
232001470
232001580
232002589
232002712
232002833
232002939
232003118
232003121
232003401
232004598
232004783
232004784
233009000
23303610
233150000
233638000
234448000
234781000
235000005
235001770
235002514
235004391
235006230
235006680
235007472
235007473
235008564
235009590
235010500
235011610
235012119
235012190
235014365
235018872
235022611
235025112
235025323
235028825
235028893
235031617
235031618
235060356
235064783
235064784
235067955
235068328
235069875
235069877
235070418
235070762
235071204
235072757
235073887
235074416
235076195
235080023
235080274
235080729
235082716
235082717
235083344
235083476
235084121
235084702
235085534
235085564
235087611
235088195
235089435
235089436
235095162
235095629
235095774
235096892
235099969
235100538
235102029
235103397
235103398
235103431
235104362
235106475
235108268
235108582
235110913
235112943
235113128
235113374
235113663
235448000
235707000
236364000
236465000
236481000
236570000
236603000
236650000
237003700
237313152
237673410
237827000
238123456
239924000
239936001
240273000
240671001
240672000
241087000
241136000
241159000
241242000
241380000
241507456
242000000
242400000
2424131
242904000
243042317
243071121
243990530
244000000
244010025
244010042
244010082
244010219
244010352
244010489
244010526
244010716
244010724
244010773
244010774
244010955
244020072
244020144
244020362
244020463
244020488
244020589
244020684
244020692
244020757
244020876
244020916
244020943
244030035
244030099
244030421
244030516
244030575
244030798
244030940
244050207
244050426
244050469
244050847
244060306
244060815
244060858
244060875
244060924
244061000
244070156
244070253
244070288
244070301
244070620
244070846
244070903
244084683
244090200
244090417
244090796
244090901
244100001
244100055
244110836
244128000
244148000
244153000
244169000
244186000
244216000
244250811
244257000
244274000
244275000
244287000
244304000
244326000
244353000
244371000
244391037
244394000
244413000
244452992
244453012
244453016
244453018
244453028
244453047
244453051
244453055
244469000
244521000
244528000
244532000
244538000
244583000
244596000
244603000
244615067
244615283
244615634
244615748
244615774
244615779
244615886
244615899
244615933
244618000
244619000
244620046
244620087
244620173
244620196
244620207
244620511
244620542
244620567
244620628
244620737
244620782
244620835
244620839
244620869
244620875
244620876
244620890
244620933
244620934
244620937
244620938
244620941
244620954
244620955
244620958
244620959
244620961
244620962
244620966
244620972
244620979
244620980
244630007
244630024
244630026
244630034
244630036
244630038
244630043
244630052
244630070
244630096
244630100
244630110
244630113
244630141
244630150
244630169
244630184
244630233
244630251
244630353
244630393
244630402
244630427
244630439
244630533
244630534
244630605
244630606
244630651
244630697
244630706
244630718
244630720
244630750
244630814
244630916
244645890
244650228
244650236
244650323
244650324
244650367
244650467
244650489
244650495
244650537
244650553
244650575
244650593
244650603
244650607
244650611
244650618
244650632
244650678
244650690
244650721
244650737
244650747
244650753
244650794
244650807
244650824
244650826
244650833
244650838
244650860
244650878
244650879
244650883
244650917
244650920
244650922
244650928
244650934
244650942
244650951
244650969
244650970
244650974
244650985
244650988
244650992
244650997
244660004
244660032
244660033
244660052
244660054
244660067
244660083
244660087
244660105
244660107
244660111
244660113
244660117
244660118
244660136
244660152
244660158
244660159
244660167
244660169
244660172
244660222
244660223
244660229
244660233
244660245
244660252
244660264
244660290
244660292
244660298
244660306
244660318
244660328
244660341
244660343
244660356
244660374
244660375
244660377
244660379
244660392
244660395
244660400
244660402
244660408
244660409
244660412
244660413
244660414
244660416
244660417
244660418
244660419
244660423
244660434
244660442
244660449
244660474
244660475
244660480
244660483
244660518
244660530
244660532
244660558
244660562
244660565
244660566
244660569
244660571
244660584
244660587
244660594
244660604
244660611
244660616
244660618
244660624
244660626
244660627
244660638
244660639
244660648
244660653
244660676
244660705
244660713
244660720
244660725
244660726
244660729
244660735
244660745
244660746
244660747
244660765
244660778
244660791
244660806
244660811
244660815
244660819
244660822
244660825
244660830
244660831
244660834
244660841
244660843
244660862
244660874
244660875
244660878
244660879
244660896
244660898
244660902
244660905
244660919
244660931
244660937
244660944
244660951
244660952
244660960
244660961
244660967
244660996
244660997
244670016
244670018
244670022
244670025
244670030
244670040
244670062
244670063
244670074
244670077
244670078
244670079
244670084
244670087
244670098
244670100
244670101
244670103
244670106
244670107
244670108
244670109
244670112
244670113
244670114
244670122
244670124
244670138
244670171
244670175
244670190
244670209
244670220
244670267
244670274
244670282
244670290
244670291
244670293
244670295
244670300
244670342
244670356
244670357
244670362
244670377
244670385
244670391
244670398
244670401
244670403
244670434
244670454
244670460
244670466
244670494
244670500
244670521
244670536
244670549
244670563
244670564
244670566
244670609
244670638
244670648
244670664
244670669
244670671
244670673
244670723
244670725
244670734
244670741
244670745
244670768
244670774
244670789
244670836
244670845
244670865
244670918
244670932
244670957
244670973
244670985
244670998
244673000
244690001
244690002
244690030
244690110
244690155
244690180
244690212
244690214
244690223
244690224
244690254
244690281
244690301
244690316
244690328
244690330
244690345
244690352
244690361
244690362
244690375
244690405
244690411
244690429
244690454
244690455
244690468
244690475
244690482
244690485
244690490
244690543
244690554
244690563
244690564
244690604
244690611
244690612
244690643
244690660
244690672
244690697
244690747
244690750
244690839
244690843
244690859
244690915
244690970
244690971
244690990
244690991
244690994
244692000
244699000
244700010
244700025
244700046
244700059
244700117
244700122
244700123
244700125
244700126
244700127
244700130
244700131
244700143
244700194
244700203
244700236
244700277
244700287
244700288
244700312
244700318
244700361
244700365
244700374
2447004
244700427
244700448
244700466
244700467
244700470
244700493
244700498
244700519
244700521
244700532
244700533
244700534
244700535
244700537
244700603
244700611
244700616
244700638
244700639
244700644
244700651
244700668
244700680
244700689
244700690
244700714
244700715
244700721
244700736
244700763
244700771
244700794
244700797
244700798
244700810
244700816
244700830
244700837
244700850
244700853
244700896
244700897
244700938
244700953
244700957
244700985
244700986
244700987
244700991
244710018
244710038
244710051
244710114
244710116
244710118
244710126
244710137
244710140
244710157
244710173
244710182
244710207
244710229
244710230
244710254
244710257
244710286
244710315
244710340
244710352
244710367
244710390
244710402
244710406
244710444
244710445
244710446
244710450
244710454
244710457
244710475
244710484
244710521
244710524
244710554
244710557
244710582
244710630
244710656
244710664
244710667
244710702
244710703
244710707
244710708
244710710
244710730
244710731
244710736
244710743
244710762
244710763
244710801
244710805
244710812
244710817
244710825
244710827
244710833
244710846
244710864
244710865
244710870
244710871
244710872
244710873
244710874
244710878
244710879
244710895
244710897
244710900
244710903
244710914
244711426
244730020
244730045
244730048
244730083
244730125
244730148
244730153
244730196
244730199
244730205
244730231
244730389
244730470
244730476
244730477
244730603
244730648
244730680
244730707
244730796
244730862
244730890
244730927
244730959
244730961
244735000
244740042
244740052
244740074
244740080
244740124
244740200
244740238
244740242
244740335
244740449
244740452
244740453
244740484
244740488
244740574
244740681
244740730
244740748
244740760
244740763
244740787
244740788
244740801
244740804
244740814
244740929
244748142
244750008
244750017
244750018
244750043
244750116
244750117
244750119
244750125
244750133
244750217
244750218
244750276
244750306
244750350
244750356
244750379
244750390
244750401
244750429
244750430
244750464
244750482
244750494
244750496
244750498
244750587
244750597
244750598
244750616
244750656
244750679
244750685
244750688
244750689
244750691
244750715
244750731
244750786
244750806
244750822
244750828
244750887
244750893
244750895
244750897
244750924
244750961
244750980
244757000
244758000
244761000
244770000
244770198
244770241
244770268
244770334
244770335
244770510
244770571
244770598
244770618
244770656
244770727
244770838
244772000
244773000
244776962
244780024
244780077
244780213
244780248
244780283
244780331
244780346
244780366
244780376
244780377
244780386
244780387
244780409
244780435
244780514
244780522
244780658
244780663
244780700
244780738
244780739
244780806
244780825
244780876
244780955
244790037
244790048
244790087
244790091
244790609
244790610
244790684
244790972
244805000
244810083
244810087
244810108
244810184
244810186
244810513
244810632
244810665
244810692
244810693
244810900
244817000
244820145
244820146
244820200
244820331
244820369
244820397
244820404
244820548
244820824
244820968
244825000
244830126
244830176
244830191
244830301
244830366
244830464
244830512
244830541
244830609
244830800
244830924
244850033
244850318
244850403
244850433
244850442
244850515
244850581
244850765
244860469
244860471
244860533
244860636
244860670
244860699
244863000
244870016
244870461
244870481
244870535
244879000
244886000
244923000
244964000
244974000
244977000
244980000
245031000
245059000
245116000
245139000
245207000
245209000
245232000
245260000
245349000
245350000
245351000
245354000
245359000
245381000
245405000
245418000
245449000
245464000
245488000
245489000
245494000
245505000
245569000
245585000
245670000
245685000
245703000
245709000
245711000
245724000
245742000
245778000
245784000
245866000
245906000
245907000
245910000
245931000
245999040
245999050
245999160
245999170
246016000
246026000
246082000
246094000
246115000
246128000
246130000
246131000
246137000
246139000
246152000
246154000
246171000
246172000
246187000
246190000
246254000
246271000
246300000
246301000
246316000
246333000
246359000
246366000
246375000
246376000
246380000
246389000
246391000
246392000
246396000
246401000
246411000
246436000
246439000
246452000
246517000
246522000
246530000
246536000
246537000
246538000
246543000
246577000
246581000
246582000
246584000
246586000
246587000
246591000
246592000
246604000
246608000
246655000
246656000
246657000
246658000
246710000
246713000
246725000
246762000
246848000
246882000
246895000
246901008
246901011
246918000
246921000
247002000
247003000
247007000
247047200
247047300
247064200
247161800
247178800
247191300
247295400
247300000
247312900
247356500
248040000
248331000
248463000
248465000
248599000
248692000
248928000
249004000
249017000
249039000
249040000
249110000
249119000
249138000
249267000
249268000
249486000
25
250000511
251181110
251244110
251383110
25147718
251495110
253029000
253047000
253056000
253077000
253110000
253112000
253114000
253242276
253248000
25328974
253296000
253365000
253384160
253416000
253449000
253495000
255805592
255805604
255805696
255805764
255838000
256000350
256177000
256246000
256373000
256383000
256475000
25654025
256656000
256758000
256759000
256986000
257084340
257114400
257126900
257144700
257212400
257217000
257222222
257282400
257287000
257304900
257310500
257333000
257338000
257390900
257473000
257517000
257549000
257625188
257684700
257804600
257837000
257958900
257999309
2579999
258004000
258092000
258130000
258133971
258226000
258266500
258296000
258306500
258313000
258323000
258330500
258352500
258387000
258424000
258593000
258694000
258695000
258841000
258844000
258871000
258968000
259099000
259187000
259216000
259278000
259310000
259344000
259386000
259401000
259425000
259490000
259551000
259591000
259592000
259593000
259638000
259987000
259988000
261000200
261001880
261002100
261004340
261006140
261006770
261006870
261007370
261008070
261009040
261010250
261010830
261027110
261028820
261031080
261199000
261482000
261521000
263003014
263701890
263701940
263701950
263701960
263864219
263864221
263864222
263864223
265000000
265004000
265041000
265177000
265292000
265509950
265513810
265514120
265514130
265516670
265522210
265522220
265522230
265522240
265522620
265527920
265528280
265531630
265546920
265547230
265547260
265549760
265573150
265577480
265585310
265587220
265604560
265650950
265650970
265698740
265704540
265706350
26574158
265865000
265871000
268
268268268
268447074
269056851
269056957
269057131
269057154
269057204
269057228
269057259
269057261
269057296
269057316
269057336
269057360
269057368
269057378
269057472
269057539
271000303
271000538
271000539
271000733
271000734
271000743
271000773
271000906
271000907
271000956
271000975
271000976
271001001
271001019
271001039
271002114
271002482
271002489
271002490
271002491
271002492
271002493
271002494
271002499
271002502
271002504
271002506
271002517
271002519
271002520
271002523
271002526
271002527
271002533
271002544
271002555
271002561
271002562
271002578
271002615
271002638
271002656
271002699
271002711
271002736
271010163
271010256
271010263
271010280
271010292
271010305
271010323
271010326
271010378
271010456
271010488
271010504
271010505
271010506
271010510
271010514
271010526
271010541
271040027
271040307
271040319
271040378
271040948
271042609
271042704
271042941
271042945
271043393
271043394
271043395
271043396
271044021
271044056
271044098
271044109
271044172
271044201
271044216
271056001
271072246
272000000
272121500
272319000
272597000
272682000
272977000
273000000
273000001
273000002
273000003
273004141
273054913
273111111
273149710
273152800
273155000
273156600
273312780
273315950
273316820
273317910
273319750
273323800
273330390
273332610
273334130
273334570
273336610
273338630
273339080
273340220
273343130
273344790
273345030
273350270
273351580
273351850
273352820
273353770
273353940
273354210
273354240
273354420
273355240
273355340
273356220
273358350
273358880
273358970
273368990
273371330
273374520
273377650
273379670
273380810
273387600
273387810
273425540
273426520
273433550
273436480
273438790
273438920
273441410
2734421
273443140
273443890
273443920
273444430
273444560
273445080
273446520
273449410
2734497
273451950
273454430
273455430
273455960
273456230
273456950
273459430
273539800
273544130
273554300
273828110
273892110
275402000
276585000
276672000
276691000
276696000
276747000
276776000
276779000
276780000
276788000
276813000
276815000
277006000
277078000
277100000
277147000
277148000
277149000
277150000
277207000
277280000
277291000
277296000
277349000
277385000
277421000
277425000
277447000
277459000
277461000
277464000
277486000
277493000
277523000
277526000
277533000
277540000
277541000
277542000
27948124
290532700
29445129
298811848
3
300000000
300190110
300777777
303017308
303165000
303279000
303999000
304020821
304068000
304081000
304422000
304807000
304923000
304965000
305082000
305468000
305479000
305542000
305726000
305838000
305852000
305883000
305904000
306009000
306014000
308094000
308288000
308851000
309467000
309716000
310065000
310160000
31035
310702000
31074
311000134
311000164
311000165
311000265
311000317
311000433
311010100
311010600
311014600
311020900
311022500
311023500
311025100
311025600
311026500
311028700
311036874
311037300
311058100
31106
311074000
311799000
312020000
312062000
312068000
312102000
312288000
312304000
312390000
312405000
312451000
312613000
312650000
312784000
312786000
312854000
312916000
314015000
315998208
316001232
316001234
316001236
316001238
316001243
316001244
316001245
316001246
316001247
316001251
316001252
316001254
316001257
316001262
316001265
316001266
316001267
316001268
316001269
316001271
316001283
316001295
316001327
316001434
316001539
316001633
316001635
316001687
316001697
316001698
316001701
316001795
316001797
316001799
316001801
316001802
316001803
316001807
316001838
316001839
316001844
316001878
316003125
316003285
316003878
316004370
316004910
316004911
316007349
316009104
316009316
316009423
316009547
316009560
3160107
316011358
316011407
316011408
316011409
316011461
316011710
316012774
316012880
316013007
316013946
316013980
316014170
316014595
316014621
316015121
316018477
316022391
316023339
316023341
316023424
316023808
316023811
316024256
316026694
316028554
316030979
316039000
316093000
316188000
316193000
316286000
316607241
31685693
31705
319046900
319048201
319048202
319048203
319058000
319085900
319192000
319264000
319315001
319349000
319563001
319732000
319819000
319904000
32142428
323232323
323456789
33
33161218
333333333
335215357
335544323
338115267
338141018
338183275
338204931
338217000
338517000
338564000
338570000
338748000
338771968
338860000
338982000
339317760
339377000
339396000
339591168
341363000
341405000
341504000
341582000
341607000
341728000
341857001
341891000
341992000
345000000
345000001
345000004
345010033
345030500
345040500
345050029
345050700
345070700
345140500
345200021
347015571
35
351008991
351263000
351272963
351280192
351281177
351295000
351347000
351355000
351421000
351602000
351621000
351694000
351712000
351722000
351745000
351773000
351801000
351923000
352055000
352124928
352124929
352124931
352134000
352275000
352277000
352286000
352367000
352555000
352598000
352688000
352725000
352775000
352814000
352837000
352859000
353038000
353197000
353446000
353697000
353951076
354075000
354100000
354166000
354292000
354337000
354361000
354408000
354444000
354574000
354587000
354622000
354636000
354756000
354832000
354921000
354934000
355264000
355435000
355497000
355550000
355635000
355647000
355691000
355692000
356006000
356159000
356289000
356353000
356696000
356766000
356804000
356967000
356979000
356984000
356986000
357026000
357154000
357160000
357203000
357238000
357255000
357325000
357330000
357385000
357475000
357477000
357480000
357562000
357592000
357667000
357726000
357736000
357982000
358585723
359391232
360422581
362000000
362141000
362181000
362186000
36352
363685495
36413
36416
36422
36451
36483
365123000
365789314
365920564
366270000
366365000
366659730
366709770
366709780
366710810
366710820
366725230
366727190
366749710
366755670
366759130
366760610
36677
366771550
366772750
366772760
366772960
366772980
366772990
366773030
366773040
366773060
366773070
366773090
366773110
366778450
36679
366792940
36680
366816256
366816340
366834180
366856463
366863870
366874950
366884150
366897820
366898420
366915720
366916840
366917530
366920020
366921670
366935050
366936680
366937011
366938770
366939710
366941810
366941840
366941860
366946710
366946760
366950740
366952790
366952870
366952890
366953860
366953880
366954127
366954160
366954190
366961230
366961410
366961420
366961430
366961450
366961480
366961530
366961540
366962947
366962950
366962970
366963040
366963043
366963150
366963250
366963251
366963272
366963330
366963340
366963350
366963390
366963460
366963470
366963490
366967470
366967530
366967550
366967551
366967590
366967660
366967670
366967720
366969670
366973242
366977490
366982920
366983290
366984260
366984310
366984320
366984960
366984970
366985050
366985660
366985710
366985730
366985760
366986450
366986640
366986670
366986970
366988190
366988191
366988580
366988770
366989170
366989220
366991080
366993640
366995280
366995360
366995429
366995450
366995470
366995540
366995550
366995680
366995968
366996090
366996120
366996250
366996280
366996440
366996570
366997440
366998040
366999220
367000120
367000140
367000150
367000190
367003430
367003580
367003890
367004120
367005340
367010563
367010580
367010583
367011821
367011830
367014190
367014450
367015890
367016010
367017130
367017960
367026710
367028750
367029000
367032830
367037490
367050250
367051340
367053260
367057260
367057380
367057450
367057720
367057750
367057790
367057840
367061930
367066070
367067810
367073380
367075020
367075110
367078130
367079240
367082880
367084480
367093560
367101920
367105795
367106130
367106880
367111590
367122280
367122440
367125100
367129620
367129650
367129670
367130910
367139980
367141370
367141920
367143360
367143450
367143650
367143670
367143910
367143920
367145870
367146110
367157150
367162230
367168940
367168960
367168970
367171240
367174060
367178241
367178489
367178490
367182120
367192670
367193780
367198950
367295505
367300350
367302370
367302630
367306290
367306940
367307120
367309910
367310170
367312660
367314420
367324580
367327040
367327120
367337690
367338850
367339190
367343490
367343510
367349450
367352240
367352250
367352630
367353660
367354540
367360430
367362051
367362243
367369950
367371610
367374630
367375620
367376740
367377890
367378120
367378960
367388340
367388450
367389230
367400420
367401320
367402050
367404910
367405720
367405790
367411970
367412570
367412620
367412630
367420170
367420280
367421310
367421740
367422979
367422980
367422983
367424470
367424480
367424940
367426830
367428170
367431550
367433473
367433620
367434080
367434260
367438870
367441665
367442390
367442693
367442769
367444220
367451120
367452820
367453850
367454460
367456515
367456683
367456750
367456771
367456780
367456880
367456923
367456940
367459110
367461377
367461550
367463060
367463740
367466980
367468380
367475340
367475530
367476920
367485290
367490790
367495210
367495480
367498110
367503382
367503383
367503540
367503920
367504990
367505090
367505110
367505650
367505770
367506940
367508430
367522180
367522210
367522220
367522240
367522910
367524240
367526630
367532880
367533190
367533710
367534840
367535290
367537710
367547137
367547280
367556020
367560930
367568460
367574019
367574230
367574231
367579120
367581120
367581490
367583130
367584520
367584740
367585170
367586130
367587010
367588290
367589520
367603210
367604120
367605130
367608860
367610510
367610680
367615235
367615260
367615263
367618819
367618991
367622520
367636460
367637760
367638240
367638249
367638260
367645430
367645628
367647210
367649320
367652980
367654060
367654290
367665360
367667723
367672380
367675910
367677570
367678150
367681150
367682610
367687520
367687870
367689040
367692120
367702010
367702040
367702050
367702120
367702130
367702340
367724000
367864000
368470000
368685000
369098753
369175900
369970574
369970733
370001000
370008000
370176000
370308000
370372000
370425001
370486000
370491000
370506000
370507000
370511000
370515000
370522000
370585000
370700000
370763000
370777000
371089000
371194000
371398000
371401000
371453000
371506000
371633000
371756000
371830000
371838000
371897000
371914000
371932000
372011000
372149000
372273000
372328000
372412000
372517000
372617000
372641000
372798000
372899843
373130000
373168000
373223000
373302000
373408000
373449000
373490000
373615000
373647000
373650000
373715000
373779000
373861000
373967000
373981000
374001000
374957000
375041000
375133000
375219000
375446000
375616000
375632000
375817000
375885000
376091000
376111000
376309000
376374000
376375000
376436000
376472000
376492000
376566000
376665000
376771000
376907000
377067000
377311000
377369000
377518000
377901017
378344000
378389000
392341
396623392
398540800
4
400000000
403040000
403273000
403288000
403701610
408386000
408521000
410000000
41015
412000000
412000001
412000002
412000003
412000009
412000088
412000568
412002220
412002310
412004321
412006899
412008888
412010101
412011210
412020202
412030000
412030303
412040404
412043550
41206
412078000
412100000
412111111
412123321
412123456
412202222
412204730
412205710
412207777
412208030
412222222
412234567
412237000
412300000
412303030
412303490
412320023
412323520
412324140
412324188
412328490
412328510
412328784
412328786
412329692
412330920
412330930
412331076
412331077
412331079
412331208
412333333
412345678
412350870
412356789
412356950
412358888
412373830
412375110
412375580
412388888
412400000
412400155
412402610
412410190
412412412
412412442
412412444
412413311
412418140
412419370
412420197
412420405
412420502
412420944
412421701
412422970
412428190
412428748
412430070
412434390
412435710
412445640
412450000
412456430
412456789
412460320
412460330
412460850
412460860
412460880
412460890
412460910
412460920
412460930
412460960
412461340
412461640
412461970
412461990
412462040
412462060
412462090
412462270
412464160
412464440
412464574
412466666
412466860
412467870
412468000
412468590
412468740
412469240
412469250
412470450
412472790
412472920
412473430
412476410
412477670
412477680
412526270
412554280
412555555
412570000
412591071
412591072
412596110
412596112
412596777
412596999
412666666
412678050
412689000
412702970
412750030
412750140
412750430
412751890
412755550
412764460
412765020
412765420
412800082
412867000
412868000
412876000
412882000
412883000
412884000
412888888
412900000
412900038
412999999
413000000
413000001
413000002
413000003
413000008
413000009
413003000
413015060
413021110
413024520
413024530
413024560
413024660
413040010
413043040
413043220
413043230
413045220
413056000
413111562
413123456
413127000
413134000
413200000
413202750
413222000
413270430
413272130
413303970
413304270
413321000
413325780
413333333
413359240
413360080
413361830
413365080
413370410
413370560
413370570
413371920
413371940
413371950
413372490
413373080
413374110
413374130
413378450
413378870
413400320
413404360
413408000
413412413
413412810
413413000
413413413
413417510
413420580
413424240
413425440
413433180
413433860
413433910
413445980
413446910
413447670
413448650
413449030
413452650
413452740
413454310
413456789
413461990
413462110
413462220
413462750
413465680
413466740
413466930
413467420
413468320
413468580
413471740
413471750
413471870
413472060
413472940
413473180
413473190
413473210
413473310
413473920
413474530
413478790
413479450
413479470
413482110
413484890
413500000
413506190
413554320
413555830
413567890
413586987
413589723
413592290
413596541
41365
413666666
413690170
413690240
413691930
413693170
413694190
413694640
413694950
413695890
413696510
413697830
413698780
413700000
413700010
413762252
413762724
413762725
413762726
413764285
413764415
413770000
413770326
413770826
413770865
413773043
413774502
413775000
413777777
413787622
413787888
413789109
413790555
413791423
413794965
413795535
413800000
413800067
413800089
413800091
413800476
413803452
413810612
413813904
413818474
413820058
413820641
413822006
413822010
413822601
413825082
413825174
413827432
413829686
413832001
413832004
413852201
413856791
413877650
413888884
413888888
413900000
413900791
413900972
413900975
413901323
413901609
413902345
413903511
413905228
413905572
413906648
413935786
413952293
413963573
413965986
413973000
413989463
413990011
413992211
413994542
413998888
413999999
41407
414095000
414210000
416000000
416000001
416000005
416002477
416003451
416003942
416004319
416004681
416237800
416241500
416450000
419000000
419000001
419000101
419000411
419000703
419000704
4190009
4190010
4190033
4192232
419956619
420000003
422000000
422050100
422856000
423332100
423364100
426988168
431000001
431000127
431000221
431000223
431000236
431000238
431000239
431000249
431000259
431000261
431000293
431000294
431000306
431000307
431000308
431000309
431000325
431000371
431000383
431000424
431000427
431000431
431000442
431000448
431000457
431000458
431000461
431000477
431000478
431000479
431000501
431000517
431000518
431000523
431000526
431000534
431000569
431000596
431000598
431000599
431000605
431000619
431000626
431000649
431000651
431000659
431000792
431000876
431001544
431002092
431002273
431002428
431002595
431003032
431003033
431003061
431003373
431003381
431003439
431003514
431003967
431004228
431004231
431004277
431004622
431004677
431005164
431005182
431005219
431005263
431005267
431005288
431005301
431005338
431005421
431005438
431005882
431006187
431006336
431006367
431006416
431006858
431007022
431007094
4310207
431100032
431100284
431100338
431100403
431100549
431100961
431101065
431101139
431101148
431200283
431200306
431200654
431200669
431200675
431200681
431200708
431200709
431301245
431301606
431301736
431400282
431400404
431401978
431402019
431500658
431500784
431501488
431501621
431501694
431501756
431501774
431501801
431501879
431600146
431600182
431600334
431600422
431600423
431601089
431601676
431602031
431602036
431602089
431602157
431602232
431602284
431700169
431704490
431800044
431800201
431800389
431800596
431800597
434109079
43528257
440000000
440000001
440002290
440003350
440004260
440007870
440008090
440010560
440011160
440011630
440012290
440019000
440020080
440022680
440037000
440067000
440100000
440100890
440105540
440108320
440111111
440111150
440111160
440115340
440119090
440121000
440121140
440155330
440156000
440197000
440200130
440261000
440302190
440336370
440400170
440400310
440773000
440787000
441019000
441173000
441677000
441722000
441749000
444444444
44710131
457377000
457602000
457900040
466000000
466110000
466205000
466410000
470000001
470100000
470100001
470123000
470123456
470347000
470377000
470424000
470459000
470496000
470515000
470560000
470568000
470571000
470573000
470659000
470903000
470909000
470919000
477012000
477026000
477031000
477032000
477033000
477034000
477037000
477038000
477039000
477041000
477056200
477056300
477064000
477070100
477072000
477074000
477092000
477192300
477197200
477197300
477197400
477197500
477210000
477264700
477303000
477304000
477320600
477320700
477324000
477334300
477356000
477357000
477384000
477385000
477509000
477525000
477545000
477762000
477780000
477821000
477834000
477849900
477866600
477937100
477937200
477937300
477937400
477937500
477937600
477937700
477937800
477937900
477958100
477990800
477995026
477995028
477995029
477995030
477995033
477995038
477995040
477995041
477995042
477995044
477995072
477995073
477995074
477995100
477995442
477995450
477995456
477995467
477995499
477995507
477995512
5
500076393
500076394
500076395
502
503
503000000
503005610
503006650
503009100
503017210
503024290
503241900
503320400
503320500
503338000
503344800
503376300
503380000
503432000
503433000
503466000
503486300
503542400
503575300
503575400
503575500
503575600
503575700
503575800
503575900
503576100
503576200
503576400
503576500
503576700
503576900
503577100
503577200
503586200
503601000
503603000
503604000
503605000
503607000
503608000
503615300
503622800
503666100
503669000
503680900
503696000
503709000
503738300
503758000
503759000
503760000
503793700
511011000
512000027
512000127
512000222
512000465
512000532
512000741
512000742
512001028
512001259
512002959
512003135
512003410
512004511
512004656
512071000
512085000
512099000
512392000
514017000
514249000
515967000
518100015
518684607
518783000
522878911
524578546
525
525000000
525000001
525000002
525000006
525000010
525000914
525001102
525002063
525002084
525002098
525003109
525003137
525003337
525003378
525003396
525003425
525005001
525005002
525005003
525005004
525005010
525005012
525005014
525005015
525005017
525005031
525005046
525005052
525005054
525005105
525005339
525006045
525008004
525008007
525008013
525008119
525009040
525009046
525009077
525009573
525010000
525010054
525013020
525015072
525015092
525015144
525015378
525015749
525015868
525015879
525015932
525015943
525015962
525015977
525016131
525016148
525016299
525016548
525016550
525016608
525016659
525016663
525016684
525016706
525018229
525018371
525018395
525019003
525019522
525021037
525021302
525022210
525023144
525024157
525025010
525025024
525025041
525025049
525025050
525025052
525025057
525025059
525025061
525025062
525025065
525025066
525025084
525025088
525111111
525123000
525123423
525123456
5251537
526060644
528155000
529890106
533000000
533790000
533914000
537985026
538002554
538002864
538002961
538003076
538003343
538003515
538003660
538003825
538003879
538004056
538004060
538004245
538004518
538004589
538004712
538004809
538005121
538005252
538005393
538005396
538005442
538005562
538005585
538005612
538006049
538070904
538070921
538090191
538090261
538090324
540011300
542179110
546017900
546018300
547978470
548000000
548062500
548438100
548477200
5501730
553111321
553111692
555555555
56
563000000
563012720
563022530
563033180
5631127
563115000
563201000
563614000
563820000
563916000
563925000
564011000
564057000
564218000
564305000
564328000
564481000
564624000
564681000
564721000
564727000
564867000
564924000
565042000
565128000
565379076
565435000
565438000
565504000
565742000
565766000
565769000
565810000
565955000
565975000
565990000
566133000
566140000
566162000
566163000
566164000
566229000
566425000
566914000
567000000
567000522
567001410
567005000
567010000
567038000
567190094
567190106
570444000
571758000
574619656
576015000
576183000
576249000
576250000
576290000
576364000
576628000
576718000
576817000
577112000
579000000
585727206
59
598130591
6
60
600000000
600012239
600012923
6010023
6010026
601227600
613123456
6149
616845000
616846000
617100000
620090000
622123000
623456789
627066000
631876000
635018500
635961347
636009894
636011496
636011610
636011634
636011816
636012804
636013097
636013099
636013800
636014487
636014800
636014901
636015016
636015956
636016032
636016109
636016275
636016424
636016689
636016722
636017056
636091123
636091351
636091997
636092412
636092478
645147000
6459021
6459024
6459025
650140000
657010000
657107300
657109400
657113000
657615000
657716000
657901000
663000000
666000001
666666666
667001226
667001286
667001391
667008058
667013000
667081000
667854751
671476000
671511000
6734
677011200
677027700
677028900
677029200
677054700
677056100
677057201
677059100
677060300
677060600
677061300
677071400
6774
6787
69
6929
6932
6946
7
70
700000000
700000001
701000001
701000648
701006034
701006097
701006113
701006177
701006216
701006226
701006230
701006232
701006239
701006240
701006245
701006277
701006286
701006308
701006319
701006363
701006365
701006411
701006430
701006466
701006515
701006592
701007014
701007053
7010307
701812000
701999999
704643072
71
710000000
710000001
710000009
710000115
710000440
710000869
710001520
710006930
710011790
710012740
710013250
710017328
710102030
710102038
710102044
7104001
7104002
7104003
711000015
712345678
72
725000390
725001048
725001090
73
730000000
730044000
730063000
7300701
735059022
750000037
755000000
755002555
755003495
755021000
755056000
755104224
755201178
7554169
757849370
76
760000001
760000004
760000320
760000650
760000770
760000880
760000920
77
770576009
770576067
770576114
770576118
770576122
770576134
770576154
770576162
770576186
770576189
770576191
770576209
770576220
770576223
770576248
770576251
770576257
770576262
770576267
770576269
770576271
770576272
770576275
770576278
770576282
770576302
770576318
770576328
770576342
775000000
775042000
775090000
775506000
775512000
775990000
775992120
775992150
775994290
775996242
775996425
775996621
7777777
777777777
78
787878787
788738
789652347
79
790954100
795148404
799999999
8
800000000
8072781
808464432
808464488
808464496
808663857
808663912
808664168
82
83
831520768
84
848507543
85
876543210
888888
888888888
888895260
897898896
9
900000000
900000008
900000009
900200001
900707301
905106188
915030172
920101116
935329836
940200035
940312834
94999
956567617
961118000
963226185
983052353
985655296
987654321
990123321
992271106
992271115
992271116
992441004
992442726
992446000
992446005
992626001
992626002
992626003
992626004
992626005
993672077
993672090
994081017
994131611
994131616
994131617
994131619
994131620
994131621
994131622
994131626
994131627
994131628
994131636
994131655
994131661
994131698
994131801
994131803
994136303
994136306
994136307
994136310
994136311
994136312
994136313
994136314
994136315
994136316
994136317
994136318
994136319
994136320
994136321
994136409
994136410
994136411
994136415
994136428
994136504
994136510
994136512
994136513
994136514
994136515
994136522
994136601
994136602
994136622
994136626
994136638
994136648
994196023
994196024
994401013
997011088
997101008
997104001
997104002
997104003
997106001
997106002
997106003
997300173
997752230
998641729
998649921
999000003
999123456
9999
999999000
9999999
999999989
99999999
999999998
999999999
