0
1
10
1000
10000000
100000000
100000001
100000500
100900000
100900001
100900004
100900012
100900013
100912003
100912345
101101001
101101002
106106160
107374182
1073741823
10878978
11
110000000
111000000
1111
111100000
111111000
11111111
111111111
111111112
111111121
111111302
111503018
111503019
112233445
11254086
114
11468802
1193046
12
123
123123123
123450011
123451234
123456
12345678
123456780
123456788
123456789
123456790
123888888
13
15
16
168
168168168
17739082
19070393
1942
195215126
19831792
2
20
200
200000000
200000001
200011888
200804300
200808150
200912310
201006210
201204131
201208170
202020200
203999327
203999371
205008600
205051000
205080000
205085000
205092000
205110000
205114000
205188000
205194324
205212390
205233000
205253090
205269190
205301290
205309000
205320790
205340000
205361390
205375690
205381890
205384395
205388990
205389826
205390790
205393000
205393790
205395990
205435490
205435990
205448690
205453690
205457590
205465690
205466990
205476390
205479890
205480790
205481290
205491290
205500190
205501290
205502390
205508590
205513890
205521690
205523290
205526390
205528890
205528990
205530290
205541000
205552000
205557000
205591000
205592000
205593000
205594000
205599000
205604000
205642000
205644000
205673000
207351000
209073000
209222222
209317000
209322000
209392000
209440000
209851000
209852000
209936000
21
210041000
210125000
210206000
210248000
210407000
210523000
210584000
210605000
210804000
210842000
211000000
211000598
211002010
211024029
211110430
211112870
211124650
211130000
211147880
211149890
211151080
211163700
211168930
211169300
211177410
211177620
211177960
211178250
211180550
211180740
211181940
211186950
211187040
211188000
211188220
211190000
211196300
211200690
211202770
211207760
211214670
211214960
211214980
211215340
211218810
211223190
211224140
211226550
211233270
211233510
211234440
211247120
211257820
211260260
211265900
211268070
211272260
211281010
211288480
211290740
211301380
211305290
211316150
211318600
211327660
211334830
211363680
211365960
211366340
211367950
211372620
211378110
211383980
211431270
211436040
211436370
211437160
211437180
211437190
211437240
211437250
211437260
211437270
211437280
211437290
211437300
211437320
211437330
211437340
211437470
211437770
211440680
211442010
211454200
211459430
211471070
211471880
211472160
211472760
211473470
211473910
211474450
211474990
211475380
211484674
211490510
211490610
211493380
211496350
211510910
211510920
211511750
211511950
211512430
211512510
211512520
211512540
211513110
211513130
211513200
211513570
211513820
211515230
211516500
211519730
211520730
211521080
211523800
211527950
211527960
211527980
211529560
211530930
211532590
211536810
211539790
211539800
211540060
211540110
211544210
211546160
211546580
211546740
211546840
211549530
211551940
211553110
211555020
211555980
211557750
211559130
211560210
211560830
211574000
211587750
211588680
211589740
211589990
211590150
211590310
211595610
211599340
211602130
211611680
211612900
211623180
211625070
211625340
211625350
211625490
211626380
211627870
211636260
211639300
211643790
211648000
211649550
211654060
211664100
211664570
211666330
211667590
211667760
211671400
211676580
211676590
211680230
211684020
211692820
211693490
211696800
211697170
211704040
211706350
211711370
211715570
211876000
21193046
212115000
212179000
212222222
212302000
212368000
212392000
212396000
212400000
212454000
212487000
212499000
212561000
212621000
212746000
212797000
212819000
212935000
2132200
214180601
214182501
215000910
21526690
215740000
215805000
215883000
218197000
218272000
218321000
218780000
218783000
219000368
219000407
219000429
219000431
219000479
219000603
219000604
219000674
219000733
219000742
219000809
219000811
219000836
219001147
219002177
219002732
219005068
219005929
219007844
219012277
219014427
219016555
219016832
219016906
219016938
219017081
219017815
219017917
219018172
219019887
219020304
219230000
219282000
219292000
219298000
219440000
219458000
219601000
219622000
219653000
219664000
219965000
220124000
220284000
220520000
222222220
222222222
2231998
223344556
223456789
224032270
224040140
224093000
224096000
224101000
224102920
224121250
224127000
224127820
224166990
224170140
224195530
224200000
224202000
224203000
224220360
224232000
224239000
224248000
224277000
224279000
224402000
224441000
224494000
224549000
224593000
224600000
224624000
224675000
224689000
224704000
224718000
224768000
224778000
224840000
225419000
225444000
225488000
226000000
226004530
226006370
226008810
226009350
226099000
226338000
227000000
227006690
227006710
227006720
227006780
227011500
227022800
227023100
227023300
227024000
227273000
227286000
227289000
227381000
227573000
227658910
2278000
228000000
228006800
228008600
228017700
228085000
228160900
228233600
228293600
228293700
228665424
229095000
229097000
229127000
229196000
229227000
229294000
229295000
229302000
229398000
229437000
229533000
229802000
229839000
229880000
23
230052180
230081290
230112970
230180000
230628000
230629000
230634000
230637000
230987380
231078000
231093000
231257000
231300000
232001040
232001060
232001470
232001610
232002589
232002712
232002833
232003401
232004598
232004783
232004784
232191919
232343000
233009000
23303610
234235000
234781000
234983000
235000864
235001800
235002514
235003307
235003589
235004391
235005246
235006680
235007472
235007473
235007690
235008564
235008929
235009590
235010020
235010500
235010670
235012119
235012190
235013197
235014365
235021802
235025112
235028825
235031617
235031618
235050371
235052541
235053239
235056506
235056993
235057011
235057012
235058304
235064777
235064783
235064784
235066012
235068243
235069052
235069875
235069877
235070199
235070402
235070418
235071204
235072757
235074416
235074938
235077712
235080274
235081661
235082716
235082717
235083344
235083876
235083892
235083948
235084702
235084806
235086473
235087611
235088195
235089333
235089435
235089436
235090189
235090599
235091541
235095629
235096027
235096892
235097139
235097407
235099969
235100258
235100538
235102029
235102532
235103062
235103385
235103397
235103398
235103431
235105625
235106917
235108315
235108492
235109058
235110913
235111195
235112742
235113253
235113737
235114376
235114576
235115444
235115929
235707000
235900006
236281000
236591000
236603000
237001000
237005100
237017200
237023700
237024500
237029100
237176400
237247600
237292000
237808200
238113840
238118940
238991940
239297000
239386000
239430000
239627000
239741000
239748000
239793800
239879000
24
240000000
240032000
240184000
240389000
240567000
2410
241069000
241087000
241106000
241133000
241160000
241213000
241230000
241241000
241284000
242000000
242127100
242173100
2424131
243070103
243070423
243070517
243990530
244000000
244000001
244010025
244010042
244010082
244010190
244010219
244010334
244010489
244010526
244010716
244010724
244010773
244010955
244011000
244020072
244020144
244020226
244020362
244020365
244020463
244020530
244020589
244020684
244020876
244020916
244020943
244030023
244030035
244030299
244030421
244030516
244030666
244030715
244030940
244050426
244050469
244060223
244060306
244060760
244060858
244060875
244060924
244061000
244062000
244070156
244070253
244070288
244070618
244070620
244070846
244070903
244070991
244085000
244090796
244090901
244100055
244100063
244100223
244100272
244100731
244110417
244123456
244124000
244130292
244148000
244153000
244167000
244186000
244210246
244216000
244250294
244250811
244250844
244274000
244287000
244301000
244326000
244353000
244363000
244387000
244391000
244391191
244394000
244453016
244453017
244453024
244453029
244453030
244453040
244453047
244453051
244453055
244454000
244486000
244496000
244521000
244532000
244573182
244584000
244592000
244596000
244603000
244615094
244615207
244615283
244615506
244615594
244615634
244615748
244615774
244615779
244615873
244615899
244615933
244615934
244618000
244619000
244620046
244620087
244620096
244620173
244620196
244620207
244620542
244620567
244620628
244620782
244620834
244620835
244620839
244620869
244620875
244620876
244620933
244620934
244620938
244620939
244620941
244620945
244620946
244620954
244620955
244620959
244620961
244620962
244620963
244620965
244620966
244620968
244620972
244620973
244620979
244620980
244620990
244622000
244626000
244630026
244630028
244630033
244630037
244630043
244630051
244630052
244630070
244630096
244630110
244630112
244630113
244630150
244630154
244630169
244630184
244630192
244630231
244630233
244630251
244630271
244630353
244630393
244630402
244630427
244630439
244630606
244630637
244630657
244630683
244630718
244630797
244630814
244630916
244645890
244650105
244650129
244650162
244650228
244650324
244650333
244650367
244650475
244650495
244650537
244650553
244650571
244650575
244650579
244650593
244650603
244650607
244650611
244650632
244650652
244650678
244650690
244650709
244650721
244650739
244650747
244650754
244650790
244650794
244650806
244650807
244650814
244650834
244650838
244650853
244650860
244650878
244650879
244650883
244650884
244650899
244650911
244650917
244650922
244650928
244650934
244650936
244650944
244650951
244650969
244650970
244650985
244650988
244650990
244660037
244660046
244660052
244660053
244660067
244660083
244660086
244660087
244660088
244660098
244660108
244660113
244660123
244660131
244660134
244660136
244660152
244660158
244660159
244660160
244660167
244660168
244660194
244660202
244660214
244660217
244660218
244660222
244660223
244660224
244660230
244660233
244660252
244660290
244660303
244660305
244660306
244660317
244660318
244660337
244660338
244660341
244660354
244660356
244660359
244660374
244660375
244660377
244660379
244660396
244660400
244660401
244660408
244660409
244660412
244660414
244660417
244660418
244660419
244660423
244660434
244660442
244660474
244660475
244660478
244660482
244660483
244660494
244660497
244660506
244660513
244660518
244660519
244660530
244660532
244660545
244660546
244660562
244660564
244660565
244660566
244660571
244660594
244660609
244660610
244660611
244660616
244660621
244660626
244660627
244660638
244660653
244660675
244660700
244660705
244660713
244660725
244660726
244660729
244660735
244660742
244660745
244660746
244660747
244660791
244660806
244660811
244660815
244660819
244660825
244660834
244660847
244660862
244660874
244660875
244660878
244660885
244660890
244660896
244660908
244660930
244660937
244660944
244660952
244660958
244660960
244660961
244660962
244660967
244660982
244660996
244665000
244669212
244670007
244670010
244670014
244670016
244670018
244670022
244670025
244670040
244670062
244670063
244670074
244670077
244670078
244670084
244670098
244670100
244670101
244670102
244670106
244670107
244670109
244670112
244670113
244670114
244670119
244670122
244670138
244670140
244670166
244670168
244670171
244670175
244670182
244670190
244670194
244670209
244670222
244670267
244670270
244670274
244670290
244670291
244670293
244670295
244670304
244670318
244670333
244670334
244670342
244670355
244670358
244670362
244670385
244670391
244670401
244670408
244670409
244670434
244670454
244670460
244670512
244670521
244670563
244670564
244670566
244670648
244670658
244670661
244670664
244670697
244670709
244670723
244670725
244670741
244670742
244670768
244670770
244670774
244670779
244670782
244670802
244670831
244670865
244670878
244670914
244670915
244670923
244670929
244670932
244670973
244670985
244670996
244670997
244670998
244670999
244673000
24467375
244690002
244690030
244690074
244690118
244690186
244690212
244690214
244690223
244690224
244690300
244690301
244690316
244690318
244690333
244690361
244690362
244690405
244690411
244690454
244690455
244690468
244690475
244690482
244690485
244690490
244690497
244690517
244690540
244690543
244690563
244690564
244690570
244690576
244690611
244690643
244690658
244690660
244690672
244690690
244690747
244690836
244690839
244690843
244690849
244690859
244690882
244690901
244690915
244690958
244690970
244690971
244690982
244690990
244690991
244690994
244692000
244699000
244700010
244700012
244700046
244700117
244700123
244700124
244700125
244700126
244700127
244700131
244700143
244700144
244700170
244700203
244700226
244700236
244700271
244700277
244700287
244700288
244700292
244700317
244700326
244700365
244700378
244700400
244700416
244700427
244700448
244700452
244700466
244700467
244700470
244700482
244700504
244700519
244700532
244700533
244700534
244700535
244700537
244700538
244700616
244700639
244700644
244700651
244700668
244700688
244700689
244700690
244700713
244700714
244700715
244700718
244700771
244700786
244700788
244700794
244700797
244700798
244700837
244700843
244700850
244700853
244700917
244700938
244700948
244700977
244700985
244700986
244700987
244700991
244700998
244708000
244710011
244710018
244710019
244710038
244710114
244710116
244710118
244710126
244710135
244710137
244710173
244710181
244710182
244710202
244710207
244710210
244710224
244710229
244710230
244710254
244710256
244710257
244710267
244710274
244710284
244710286
244710315
244710352
244710367
244710378
244710387
244710388
244710390
244710402
244710429
244710445
244710450
244710466
244710475
244710479
244710521
244710524
244710547
244710557
244710564
244710617
244710635
244710657
244710659
244710664
244710667
244710702
244710703
244710708
244710710
244710731
244710740
244710741
244710742
244710743
244710762
244710763
244710812
244710817
244710825
244710827
244710843
244710864
244710865
244710870
244710871
244710872
244710873
244710874
244710878
244710879
244710897
244710899
244710903
244710914
244710915
244710961
244710992
244711426
244730020
244730048
244730116
244730125
244730148
244730150
244730153
244730181
244730196
244730199
244730205
244730326
244730368
244730389
244730476
244730477
244730603
244730648
244730696
244730796
244730848
244730862
244730959
244730973
244735000
244740042
244740052
244740074
244740078
244740080
244740095
244740124
244740142
244740335
244740403
244740449
244740452
244740484
244740488
244740557
244740575
244740662
244740748
244740763
244740787
244740804
244740814
244740894
244740942
244740957
244750008
244750018
244750043
244750116
244750117
244750119
244750125
244750217
244750264
244750267
244750275
244750276
244750286
244750306
244750310
244750327
244750341
244750350
244750356
244750358
244750382
244750390
244750399
244750401
244750409
244750424
244750429
244750454
244750464
244750482
244750494
244750496
244750498
244750554
244750560
244750563
244750587
244750598
244750633
244750641
244750679
244750685
244750687
244750688
244750689
244750690
244750691
244750692
244750714
244750715
244750731
244750742
244750773
244750822
244750830
244750887
244750895
244750897
244750961
244757000
244758000
244761000
244765000
244769000
244770000
244770183
244770198
244770241
244770268
244770329
244770334
244770557
244770598
244770656
244770727
244770798
244770838
244770930
244770938
244772000
244780043
244780077
244780264
244780316
244780346
244780366
244780373
244780375
244780376
244780377
244780387
244780409
244780435
244780507
244780522
244780526
244780544
244780631
244780658
244780663
244780700
244780733
244780737
244780738
244780739
244780800
244780806
244780850
244780867
244780876
244780904
244780913
244780914
244780955
244790001
244790048
244790084
244790247
244790319
244790535
244790541
244790609
244790610
244790685
244790810
244790963
244790972
244805000
244810087
244810184
244810186
244810225
244810513
244810632
244810665
244810692
244810693
244810759
244810881
244810900
244814000
244820145
244820146
244820297
244820299
244820300
244820331
244820369
244820397
244820548
244820807
244820976
244825000
244830126
244830185
244830191
244830366
244830464
244830512
244830541
244830550
244830609
244830638
244830642
244830680
244830800
244830924
244850093
244850179
244850180
244850403
244850569
244850581
244850765
244850894
244850968
244850970
244851000
244860469
244860471
244860472
244860670
244860699
244860721
244860892
244863000
244870016
244870167
244870246
244870535
244870574
244870671
244886000
244895000
244923000
244933000
244964000
244974000
244980000
244992000
244999998
245028000
245043000
245059000
245078000
245088000
245115000
245120000
245121000
245128000
245139000
245152000
245207000
245209000
245247000
245257000
245260000
245272000
245349000
245351000
245354000
245370000
245390000
245405000
245418000
245457000
245488000
245494000
245496000
245505000
245516000
245518000
245529000
245569000
245585000
245618000
245647000
245670000
245675000
245681000
245703000
245709000
245718000
245724000
245735000
245742000
245766000
245816000
245846000
245861000
245866000
245882000
245906000
245907000
245909000
245931000
245932000
245967000
245979000
245995000
245999160
246016000
246026000
246060000
246063000
246115000
246128000
246130000
246131000
246137000
246139000
246154000
246171000
246172000
246187000
246190000
246192000
246196000
246214000
246245000
246300000
246301000
246316000
246333000
246346000
246353000
246359000
246363000
246366000
246375000
246392000
246401000
246411000
246419000
246449000
246476000
246490000
246514000
246536000
246537000
246538000
246581000
246590000
246596000
246604000
246607000
246608000
246609000
246650000
246656000
246657000
246658000
246713000
246762000
246774000
246803000
246814000
246818000
246819000
246895000
246901008
246918000
246925000
247003700
247003800
247037900
247044300
247047200
247047300
247052600
247054200
247054400
247056900
247058600
247070800
247107100
247139400
247143200
247178800
247192300
247213200
247235300
247256000
247280600
247286100
247290200
247290300
247295400
247299500
247348600
247455000
247546000
248040000
248078000
248216000
248218000
248418000
248465000
248692000
248761000
249000090
249000638
249000882
249005000
249040000
249054000
249110000
249119000
249137000
249138000
249193000
249205000
249238000
249267000
249268000
249317000
249486000
249518000
249522000
249525000
249526000
249531000
249532000
249570000
249572000
249835000
249898000
25
251152110
251244110
251315240
251485340
251794110
251796110
253008000
253029000
253047000
253093000
253098000
253114000
253115000
253223000
253242302
253242387
253294000
253296000
253311000
253336000
253365000
253373000
253384000
253416000
253454000
253465000
253495000
255805590
255805604
255805776
255805810
256000656
256246000
256373000
256410000
256758000
256796000
256825000
256947000
257004500
257008300
257009300
257011900
257013700
257022700
257026800
257075500
257080640
257084340
257114400
257124400
257126900
257133600
257144700
257206040
257212400
257249000
257264400
257266500
257273000
257274000
257274400
257275400
257277400
257282400
257287000
257296400
257298900
257304900
257308800
257310500
257322320
257333000
257338000
257340400
257350500
257363500
257364400
257390900
257396400
257457000
257473000
257506700
257517000
257534600
257559000
257584600
257615000
257645700
257684700
257720600
257752900
257801800
257803500
257804600
257837000
257858000
257961900
2579999
258007000
258009500
258046000
258048000
258062500
258063000
258064000
258092000
258098500
258130000
258146000
258177000
258219000
258226000
258266000
258266500
258271000
258306500
258323000
258330500
258334000
258349000
258352500
258359500
258424000
258433000
258509000
258584000
258593000
258694000
258696000
258841000
258844000
258968000
259000000
259039000
259153000
259187000
259216000
259278000
259310000
259344000
259386000
259401000
259402000
259417000
259425000
259427000
259456000
259490000
259530000
259546000
259551000
259589000
259591000
259592000
259593000
259604000
259638000
259649000
259650000
259680000
259706000
259773000
259987000
26
261002100
261003620
261006870
261007210
261007950
261010250
261010910
261015170
261024110
261182634
261199000
261467000
261550000
261855216
263700002
263701290
263701340
263701370
263701440
263701470
263701650
263701890
263701940
263701950
263701960
264162940
264163270
265004000
265041000
265177000
265292000
265410000
265463000
265509950
265513810
265514120
265514130
265514770
265516670
265522210
265522220
265522230
265522240
265528280
265531630
265536500
265546920
265547220
265547250
265547260
265547270
265549760
265550860
265571320
265573140
265573150
265577480
265585310
265585940
265587220
265589970
265604560
265633770
265650950
265650970
265698740
265704540
265706350
265721770
265725450
265738540
265739650
265756770
265859000
265865000
266026000
266192000
266301000
268
268168
268268266
268268268
269056851
269057030
269057047
269057072
269057090
269057095
269057131
269057228
269057259
269057261
269057316
269057336
269057368
269057378
269057540
269057548
271000539
271000733
271000734
271000743
271000869
271000906
271000975
271000976
271001039
271001176
271002467
271002482
271002489
271002491
271002492
271002493
271002494
271002499
271002500
271002502
271002504
271002506
271002508
271002511
271002512
271002517
271002518
271002520
271002523
271002524
271002526
271002527
271002533
271002544
271002561
271002562
271002578
271002602
271002615
271002637
271002638
271002699
271002711
271002735
271002736
271010101
271010163
271010204
271010256
271010269
271010270
271010280
271010284
271010292
271010294
271010298
271010306
271010308
271010309
271010314
271010317
271010323
271010326
271010348
271010369
271010378
271010488
271010504
271010505
271010506
271010509
271010510
271010511
271010513
271010514
271010517
271010521
271010522
271010526
271010527
271010531
271010533
271010541
271010610
271010836
271020168
271040027
271040153
271040301
271040307
271040319
271040378
271040573
271040948
271041249
271042202
271042480
271042486
271042567
271042609
271042704
271042941
271042945
271043393
271043394
271043395
271043475
271043573
271043709
271043713
271043749
271043869
271043936
271044086
271044098
271044109
271044139
271044172
271044201
271044216
271044240
271056001
271056028
271070519
271072069
271072246
271073148
271123456
272000000
272010719
272011300
272136800
272319000
272325000
272566000
272591000
272592000
272597000
272682000
272883800
272977000
273000000
273110100
273111111
273148810
273311340
273313950
273317810
273319750
273334130
273352710
273352820
273354210
273356980
273373370
273374520
273375370
273376370
273377030
273379670
273380810
273386020
273387810
273432060
2734421
273445080
273447280
2734497
273828110
273854000
273999999
275402000
275471000
276672000
276691000
276696000
276747000
276786000
276788000
276810000
277078000
277148000
277150000
277207000
277280000
277291000
277296000
277349000
277372000
277375000
277385000
277421000
277425000
277447000
277449000
277459000
277464000
277486000
277493000
277523000
277526000
277533000
277540000
277541000
277542000
27983874
295530990
3
300000000
300201821
30077
300777777
30308
304010228
304020821
304068000
304070991
304117000
304263000
304346000
304791000
304822000
304923000
305059000
305102000
305200000
305268000
305389000
305542000
305627000
305697000
305741000
305760000
305880000
306009000
306039000
308078000
308094000
308162000
308241000
3099
311000037
311000096
311000164
311000165
311000265
311000272
311000317
311000324
311001473
311007200
311010100
311010600
311014600
311023500
311025600
311026000
311026500
311027000
311028300
311028700
311058100
311062900
311104000
311404000
311516000
311753000
311988000
312068000
312288000
312304000
312405000
312451000
312613000
312854000
312916000
314020000
314259000
3160000
316000000
316001232
316001234
316001235
316001238
316001242
316001243
316001244
316001245
316001247
316001249
316001251
316001254
316001257
316001262
316001266
316001267
316001268
316001269
316001271
316001295
316001802
316001838
316003285
316003600
316003656
316003659
316003667
316003668
316003878
316003982
316004100
316004370
316004661
316004943
316005176
316005239
316005417
316005616
316005623
316005624
316005625
316005715
316005718
316005723
316007862
316007865
316009547
316009841
316009843
316011407
316011408
316011409
316011461
316011535
316011710
316011982
316012053
316012308
316012721
316012774
316012834
316013007
316013040
316013209
316013431
316013980
316014050
316014341
316014621
316014836
316015121
316018477
316018851
316022036
316026464
316028326
316028554
316028702
316028909
316029591
316030644
316031489
316057000
316093000
31705
319016700
319017900
319055000
319057100
319085900
319088200
319088700
319092800
319205000
319281000
319349000
319422000
319732000
319833000
319904000
325266000
329003100
329014320
33
331277000
33161218
333333333
338073000
338144978
338182849
338183275
338193303
338224000
338790000
338860000
338982000
339377000
339396000
339800020
341049000
341337000
341363000
341484000
341933000
341992000
345000000
345000001
345010033
345010064
345040019
345050029
345070125
345070176
345070186
345070237
345070244
345070272
345070349
345110004
345110011
345110014
345110015
345200021
3496
35
351008921
351117000
351129000
351232000
351327000
351355000
351737000
351745000
351923000
352104000
352134000
352203000
352231000
352275000
352277000
352598000
352688000
352775000
352814000
352837000
353100000
353197000
353210000
353383000
353446000
353628000
354075000
354100000
354166000
354228000
354292000
354444000
354574000
354587000
354622000
354636000
354721000
354773000
354832000
354857000
354934000
354974000
355264000
355435000
355490000
355497000
355507000
355519000
355690000
355692000
355813000
356068000
356159000
356301000
356353000
356861000
356984000
356986000
357026000
357240000
357255000
357330000
357662000
357667000
357689000
357757000
357762000
357791000
357960000
357982000
362000000
362024000
362181000
36413
36415
36422
36483
36581
36582
365946914
36603
36604
366053260
36611
36627
36645
366607000
36663
36665
366659730
366685950
366709770
366709780
366710810
366710820
366727190
366733250
366749710
366755010
366755670
366759130
36676
366762660
366765570
366767140
36677
366771550
366772750
366772760
366772960
366772980
366772990
366773030
366773040
366773070
366773090
366773110
36678
36679
36680
366834180
366856070
366874110
366874880
366874950
366884150
366893270
366898420
366911660
366914180
366916840
366916920
366916960
366920020
366935050
366936890
366939710
366941790
366941820
366941840
366941850
366946710
366952790
366952870
366952890
366953910
366959350
366960120
366961230
366961430
366961480
366962220
366962950
366962970
366963030
366963272
366963350
366963390
366963460
366967530
366967660
366967720
366972000
366972950
366975420
366977490
366980410
366982340
366984320
366984330
366984910
366984980
366985310
366985340
366985540
366985730
366985760
366987010
366988580
366988770
366989220
366990630
366991080
366993440
366993470
366995230
366995320
366995330
366995340
366995360
366995410
366995450
366995460
366995680
366995970
366996220
366996630
366996640
366996690
366996710
366996730
366997420
366997760
366997780
366998040
366999220
367000110
367000120
367000140
367000150
367003580
367004120
367004260
367005220
367005550
367006410
367011730
367011830
367014190
367014450
367016010
367017130
367023320
367026560
367028690
367029000
367032830
367037490
367039650
367050250
367051340
367057260
367057380
367057720
367057860
367057930
367061140
367061930
367073370
367073380
367075020
367075110
367078130
367079240
367080390
367087240
367093560
367098340
367101920
367104060
367104080
367105910
367106750
367108030
367109430
367110450
367118980
367119810
367122230
367129540
367129610
367129670
367131150
367141080
367141250
367142710
367143360
367143670
367143690
367145870
367151450
367152940
367153930
367156850
367157150
367161940
367162230
367165960
367168970
367182120
367185530
367191630
367193780
367193790
367197420
367300350
367301010
367302630
367304020
367305040
367306940
367308990
367310170
367310510
367316630
367318570
367319320
367330620
367331830
367339240
367343510
367344000
367350050
367351520
367352240
367352250
367352630
367354540
367355240
367361020
367370010
367372230
367375620
367378120
367378170
367382530
367387350
367389230
367389530
367400420
367401030
367402570
367404910
367411970
367420490
367421310
367426830
367427270
367428150
367428170
367428230
367433620
367434080
367436030
367441870
367442390
367443060
367444220
367444590
367445000
367453850
367456750
367456810
367456880
367456960
367456980
367463060
367465980
367466150
367466980
367473240
367473590
367475560
367476920
367476930
367477680
367479990
367480010
367487360
367495210
367497990
367503760
367503920
367505010
367505050
367505070
367505090
367506940
367507090
367508330
367508430
367508440
367513420
367519240
367522430
367524240
367525740
367526690
367528070
367528080
367530760
367531730
367531750
367533020
367534840
367535110
367535250
367537070
367537180
367542760
367556370
367557580
367557590
367559030
367561360
367562810
367564930
367567220
367568460
367570840
367576470
367579880
367581120
367584740
367585170
367585470
367586130
367588290
367589320
367590560
367595460
367595560
367597230
367597820
367598240
367598950
367598970
367599790
367602820
367603210
367603820
367608470
367608860
367610170
367610510
367613760
367615130
367615260
367615680
367619730
367622960
367626420
367627770
367628670
367631610
367638010
367638090
367647050
367647210
367649320
367650190
367651810
367653290
367653630
367656160
367656820
367661360
367661390
367661670
367663890
367665360
367665480
367666170
367671080
367671160
367672380
367675660
367675880
367675910
367677450
367677570
367677630
367678150
367678850
367679030
367682610
367685130
367686940
367688280
367688580
367689630
367691950
367692890
367702010
367702040
367702120
367702130
367702190
367702230
367702290
367702360
367703330
367705330
367706830
367710310
367710770
367716440
367720280
367774000
367843900
368247000
368470000
369062000
369080000
3692
369540000
369970574
370000000
370001000
370008000
370094000
370172000
370176000
370239000
370251000
370268000
370308000
370483000
370503000
370506000
370507000
370511000
370585000
370744000
370797000
370798000
37100300
371013000
371089000
371111000
371150000
371182000
371244000
371398000
371471000
371506000
371633000
371691000
371760000
371768000
371838000
371873000
371897000
371900000
371910000
372217000
372278000
372328000
372338000
372517000
372696000
372894000
373130000
373135000
373302000
373408000
373591000
373647000
373650000
373661000
373715000
373857000
373966000
373972000
374001000
374373000
374393000
374734000
374751000
374832000
374889000
375041000
375206000
375616000
375879000
375885000
376091000
376143000
376175000
376333000
376375000
376436000
376492000
376566000
376767000
376991000
377103000
377138000
377369000
377469000
378112046
378394000
4
400000000
403288000
408315000
408318000
408386000
408521000
408522000
408723000
408857000
41015
411043986
412000000
412000001
412000002
412000003
412000088
412000568
412002120
412004321
412005588
412010101
412011000
412016410
412020202
412030303
412035110
412043550
412043810
412044103
412044510
412047690
412047730
412050505
412053050
412055880
41206
412088888
412100000
412111111
412111333
412123321
412123456
412151008
412159357
412160101
412206430
412206768
412208030
412208780
412214279
412222222
412237000
412280956
412284277
412300000
412301030
412302940
412303030
412303160
412303490
412320023
412320397
412321464
412325360
412326789
412329520
412329644
412331077
412331078
412331079
412333007
412333333
412333567
412338800
412339965
412345678
412345679
412345687
412349382
412352380
412354056
412356898
412356990
412373830
412375580
412377310
412379530
412380110
412400000
412400155
412412412
412413010
412417180
412417840
412418140
412420197
412420502
412420852
412420905
412420944
412420956
412421356
412422352
412422729
412428190
412428748
412430000
412430562
412434390
412434408
412440066
412441550
412443620
412447777
412450000
412456410
412456420
412456430
412456789
412460002
412460007
412460320
412460330
412460850
412460860
412460870
412460880
412460910
412460920
412460930
412460960
412461340
412461640
412461990
412462040
412462060
412462090
412462270
412464160
412466860
412467870
412469240
412469250
412469870
412470250
412470450
412472790
412472920
412473420
412473430
412476410
412477440
412477670
412477680
412520080
412551070
412555555
412555666
412591072
412596110
412596112
412596113
412596333
412596777
412596999
412620000
412666666
412670670
412689000
412699510
412704150
412704170
412755540
412755550
412867000
412868000
412876000
412882000
412883000
412884000
412888888
412888999
412900000
412999999
413000000
413000001
413000002
413001000
413002060
413008208
413015060
413017070
413021110
413024560
413043040
413055540
413123456
413127000
413134000
413271470
413272130
413300000
413304270
413305380
413321000
413324830
413358780
413359840
413364220
413364470
413364830
413364880
413370410
413370550
413370570
413371220
413371940
413371950
413372210
413372490
413373080
413373290
413374110
413374130
413378450
413378870
413378990
413406000
413411650
413412413
413433180
413436790
413446910
413452650
413454310
413456520
413456789
413461990
413462110
413462220
413462750
413463540
413463880
413464380
413464940
413465680
413466930
413467060
413467420
413468580
413471048
413471740
413471870
413472010
413472060
413473180
413473190
413473210
413473310
413473920
413475040
413478770
413478850
413479450
413479470
413482110
413484890
413486160
413500000
413504010
413506190
413506210
413550360
413555390
413555830
413567890
413576576
413591740
413592290
41365
413666666
413690240
413691280
413691310
413691320
413693170
413693190
413694190
413694950
413695620
413695890
413696510
413696520
413697260
413697830
413698780
413700000
413700010
413701430
413761431
413761747
413762252
413762724
413762725
413762726
413762969
413763144
413764285
413765014
413770667
413770826
413771799
413772016
413772681
413773043
413774000
413774502
413777098
413777777
413780000
413781014
413781019
413781023
413781538
413782347
413782672
413787622
413788282
413788608
413789109
413790185
413791423
413791445
413791892
413794745
413794894
413795274
413795592
413800000
413800008
413800063
413800089
413800091
413800116
413800134
413801516
413802625
413802688
413803329
413806208
413808756
413809275
413809468
413810489
413810612
413811333
413812177
413812479
413813198
413815052
413816166
413816299
413816605
413816812
413818321
413818939
413820000
413820058
413820641
413820832
413822006
413822010
413822011
413822207
413822601
413822602
413826299
413826781
413827000
413827348
413827432
413827506
413828782
413829028
413829405
413829716
413830207
413830443
413830605
413831143
413831928
413832004
413832099
413832222
413832263
413832808
413832995
413857842
413888884
413888888
413900000
413900012
413900201
413900331
413900917
413901323
413901565
413901609
413903511
413905228
413905572
413906535
413912370
413951000
413952567
413960138
413965863
413966096
413966097
413971689
413978433
413986644
413987654
413989463
413991951
413998888
413999999
41407
414073000
414095000
414096000
414210000
414211000
414898990
415000000
416000000
416000005
416000080
416000818
416002251
416002477
416003451
416003941
416003945
416004319
416004681
416008800
416011000
416121800
416212800
416236500
416241500
416450000
418815888
419000000
419000001
419000004
419000101
419000109
419000122
419000189
419000209
419000245
419000411
419000490
419000633
419000704
419000707
419000872
4190009
4190010
419001129
419001500
4190033
419046000
419295000
419930423
420000003
422000000
422050100
422611000
423333100
423405100
4280052
428045000
428067000
431000001
431000044
431000127
431000221
431000223
431000236
431000238
431000239
431000249
431000259
431000261
431000293
431000294
431000306
431000307
431000308
431000309
431000325
431000338
431000371
431000383
431000424
431000425
431000427
431000432
431000457
431000458
431000477
431000478
431000479
431000501
431000517
431000518
431000523
431000526
431000534
431000569
431000585
431000592
431000596
431000598
431000599
431000605
431000645
431000649
431000651
431000652
431000659
431000734
431000773
431000792
431000826
431000876
431000984
431001072
431001112
431001114
431001455
431001544
431002092
431002273
431002428
431003032
431003033
431003061
431003092
431003211
431003373
431003381
431003439
431003514
431003635
431003967
431004228
431004231
431004277
431004622
431004677
431004713
431004911
431005182
431005207
431005219
431005263
431005267
431005286
431005288
431005301
431005338
431005421
431005438
431006187
431006206
431006336
431006367
431006416
431006855
431006858
431006913
431007022
431007094
431007147
431007149
431007958
431100032
431100338
431100403
431100476
431100961
431101044
431101065
431101108
431101119
431101148
431101164
431101177
431200306
431200628
431200654
431200669
431200675
431200681
431200708
431200709
431300084
431301245
431301804
431400282
431401807
431401968
431401978
431402019
431402056
431500004
431500658
431500784
431501488
431501618
431501621
431501694
431501756
431501766
431501774
431501801
431501863
431501879
431600146
431600182
431600334
431600422
431600423
431601588
431601676
431602031
431602036
431602089
431602157
431602232
431602284
431680138
431700169
431700260
431700716
431704490
431797000
431800044
431800201
431800389
431800596
431800597
434109079
434122500
434123500
434126095
440000000
440003350
440004260
440004700
440008090
440016420
440019000
440022690
440022760
440037000
440067000
440100580
440105210
440105540
440107160
440110530
440111111
440111140
440111150
440111160
440111210
440113880
440113910
440115340
440115630
440118750
440118970
440120860
440121000
440121140
440127670
440127860
440147650
440151610
440155330
440156000
440197000
440336370
440400170
440404510
440418340
440505960
441125000
441749000
444222000
444440000
444444444
457283000
457900024
457900040
461002000
466000000
466410000
470000001
470000004
470006317
470100000
470123000
470123456
470156000
470210000
470281000
470309000
470372000
470377000
470384000
470397000
470460000
470515000
470533000
470543000
470568000
470573000
470607000
470628000
470654321
470659000
470834000
470903000
470909000
470919000
477012000
477026000
477031000
477032000
477033000
477034000
477037000
477038000
477039000
477056200
477056300
477064000
477070100
477072000
477074000
477092000
477197200
477197300
477197400
477197500
477201400
477210000
477243200
477271400
477303000
477304000
477320600
477320700
477324000
477334300
477356000
477357000
477384000
477385000
477509000
477525000
477545000
477786600
477866600
477937100
477937200
477937300
477937400
477937500
477937600
477937700
477937800
477937900
477958100
477990000
477990800
477995026
477995027
477995028
477995029
477995030
477995032
477995039
477995040
477995041
477995042
477995044
477995047
477995063
477995064
477995071
477995072
477995074
477995076
477995084
477995100
477995106
477995126
477995225
477995428
477995429
477995432
477995433
477995436
477995440
477995442
477995449
477995456
477995487
477995493
477995507
477995512
477995523
5
502
503
503000000
503001880
503003260
503005610
503006650
503009100
503010140
503012210
503017210
503017420
503024920
503025040
503029560
503032680
503032690
503034260
503035000
503112233
503241900
503261100
503320500
503325000
503344800
503344900
503345100
503345300
503345400
503345500
503374300
503374500
503374600
503376200
503376300
503376400
503376600
503376700
503380000
503387400
503432000
503466000
503500700
503541000
503542400
503566400
503575300
503575400
503575600
503575700
503575800
503575900
503576100
503576200
503576400
503576500
503576600
503576700
503576900
503577100
503577200
503586200
503601000
503602000
503603000
503604000
503605000
503607000
503608000
503612100
503615300
503616300
503622800
503646000
503657300
503666100
503669000
503679200
503680900
503686000
503696000
503701100
503701200
503709000
503721000
503740000
503744200
503748000
503754900
503758000
503759000
503760000
503771800
503775600
503793700
510115000
512000027
512000222
512000465
512000532
512000741
512000742
512000928
512001026
512001027
512001028
512001041
512001259
512001261
512001266
512002959
512003135
512003410
512004062
512004408
512004511
512004656
512004996
512071000
512098000
512099000
512263000
518100004
518326000
522878911
525000000
525000010
5250007
525001102
525001103
525001104
525003109
525005004
525005012
525005015
525005017
525005052
525013021
525014666
525015932
525016015
525016148
525016539
525016608
525016706
525019003
525019195
525019409
525019457
525019522
525020155
525021302
525022300
525022379
525025050
525025059
525025062
525111111
525123456
5251537
529890106
533000000
533000743
533914000
5355846
538001697
538002316
538002543
538002864
538002930
538002961
538003402
538003455
538003856
538004014
538004153
538004240
538004720
538004809
538004906
538004923
538004945
538005073
538005121
538005178
538005400
538005442
538005592
538006000
538006033
538006049
538006142
538006202
538006212
538006278
538006408
538006419
540011300
542179110
546017900
546018300
548000000
548062500
548116500
548937000
553111672
553111842
555555555
563002830
563002940
563002950
563003330
563012720
563016940
563016950
563018160
563021050
563021070
563021930
563026780
563028790
563029960
563029990
563030060
563033690
563040014
563040040
563040062
563040431
563040537
563040539
563040547
563040556
563040558
563040562
563040563
563040578
563040757
563128000
563234000
563418000
563614000
563869000
563921000
563935000
564000000
564011000
564218000
564269000
564305000
564328000
564330000
564331000
564346000
564481000
564533000
564624000
564721000
564756000
564867000
564885000
565038000
565042000
565123000
565128000
565435000
565504000
565518000
565616000
565742000
565769000
565925000
565927000
565928000
565955000
566133000
566162000
566163000
566291000
566425000
566484000
566501000
566513000
566520000
566523000
566801000
566994000
567000000
567000522
567001370
567005000
567010000
567038000
5671117
56790
572101210
576153000
576190000
576206000
576451000
576585000
577107000
577191000
58
588178638
59
592924841
6
60
600012923
601140800
61
6149
617100000
62
620090000
622123000
626000222
63
634120000
635000490
636011634
636011818
636012804
636013800
636013850
636014111
636014381
636014408
636014470
636014487
636015505
636015670
636015777
636015957
636015991
636016035
636016068
636016109
636016352
636016424
636016680
636016720
636016770
636016918
636017000
636017024
636017222
636017236
636017472
636017498
636091052
636092041
636092592
636092637
64
645147000
650140000
657107300
657113000
657716000
660
663000000
666000001
666666666
667001312
667001354
667001550
671317000
671476000
677018500
677019400
677039000
677059100
677060300
677060500
677061300
677062000
6774
6775
6787
68
688888888
69
6916
6923
6929
6930
6932
7
70
700000000
700000001
701000648
701000662
701000798
701006018
701006097
701006100
701006113
701006177
701006216
701006226
701006227
701006239
701006244
701006247
701006257
701006265
701006266
701006286
701006308
701006322
701006344
701006365
701006428
701006430
701006452
701006463
701006466
701006497
701006515
701006520
701006592
701007014
701007051
701007052
701123456
701503000
701519000
701812000
707413847
71
710000000
710000001
710000009
710000010
710000240
710000440
710000869
710000925
710001520
710005550
710005610
710008000
710012230
710012740
710025250
710026140
710026180
710102030
710102034
710102037
710102038
710102044
710999999
72
725000406
725000924
725001090
730000000
749029900
755002914
755003627
75502471
755056000
755121212
755201178
755903495
755999654
76
760000001
760000650
760000770
760000880
760000920
760001210
760001220
760106000
760126000
77
770111111
770576009
770576067
770576110
770576114
770576122
770576154
770576186
770576189
770576196
770576200
770576209
770576219
770576223
770576231
770576249
770576257
770576260
770576262
770576272
770576275
770576278
770576282
770576299
770576319
770576342
770576345
770576346
770576365
775000000
775042000
775503000
775506000
775992120
775994290
775996242
775996425
775996621
777702500
777777769
777777777
78
787878787
7964014
799999999
8
800000000
800025012
8072781
8073718
808464432
808464456
808464464
808464480
808464488
808464496
808466512
808466528
808466536
808663857
808663912
808664168
82
83
84
85
858993459
876543210
881086277
888888888
897898896
9
900000000
900200001
915030172
920101116
94999
969048
970595141
982000000
98310517
987654321
987654322
987654324
99
990000002
992271106
992271115
992271116
992303005
992303006
992351053
992446005
992626001
992626002
992626003
992626004
992626005
992736002
992736003
992736004
992736005
993672210
993692021
993692022
994081002
994081017
994131625
994136303
994136306
994136307
994136310
994136311
994136312
994136313
994136314
994136315
994136316
994136317
994136318
994136319
994136320
994136321
994136504
994136508
994136510
994136512
994136514
994136601
994136602
994136626
994196002
994196003
994196004
994196005
994196006
994196007
994196008
994196009
994196010
994196011
994196012
994196014
994196015
994196017
994196018
994196019
994196020
994196021
994196022
994196023
994196024
994196025
994196026
994196027
994196028
994196031
994196032
994196037
994196038
995126086
996011046
997101009
997300173
997752230
999123456
999413092
9999999
999999989
99999999
999999998
999999999
