367389530
259530000
244670140
244690301
431003092
367023320
367050250
224549000
245152000
244700532
304822000
245370000
503669000
244750679
677060500
123456789
111000000
431003032
316001267
431006858
503012210
247139400
316030644
244060875
367542760
370507000
219005929
477995042
413701430
311025600
271002499
760001220
503345400
244630154
244620973
412331079
244630797
244660414
272591000
563003330
413827348
253223000
245647000
412476410
503771800
566523000
246590000
431004622
211431270
366874950
244710992
261010250
4190033
413900012
503
477937900
367434080
420000003
431005438
470659000
276788000
244626000
538006278
219016938
525005017
355813000
244630718
413691320
244710743
431000371
244740449
248216000
636092592
253465000
413800063
367602820
235103062
123456780
215000910
367300350
413999999
355507000
316003982
373130000
345070186
205552000
770576275
244660944
246411000
244770557
275402000
244750350
244750691
244730125
244622000
247003800
200912310
244619000
366995450
257333000
431000523
272592000
227006690
246713000
244394000
345040019
244630271
300777777
247047200
994136321
366998040
244974000
994196012
244830512
244710635
413463880
232004784
244700326
412596112
211177960
775996621
244750358
211224140
244660545
440022690
413787622
231300000
244850765
244710274
277372000
477072000
244870167
244710864
244660885
366709780
244750742
356984000
244820145
316022036
244710557
412470250
244700452
701519000
770576189
244700143
316057000
244660379
205557000
244710367
244690991
244670401
244700012
211437160
246346000
538004014
477995071
538006212
367355240
367463060
211233270
775996425
246650000
205481290
368470000
244690300
477031000
412300000
351327000
10000000
701006365
367316630
412460960
412011000
367531730
244710872
412345687
255805810
244780544
244620782
244710827
123456
477995429
412460860
366916920
431200675
470156000
244670664
244020362
211288480
440121000
244070991
244730476
413831928
244710257
503601000
367061930
413300000
563002830
263701370
224093000
994196028
244780663
8
770576319
227381000
271010323
61
244870574
431004677
247286100
370001000
366946710
253098000
413550360
209851000
251796110
244670175
273311340
224202000
354100000
512000532
431000659
367456960
244670391
224593000
271042945
244620972
244740484
224277000
235012190
564000000
566425000
710000009
230081290
367528070
245681000
211625340
367650190
503696000
244670741
440100580
412462090
244650747
316014341
244660565
636016770
271042202
235004391
431000425
244710445
701006227
244060223
367503760
367567220
563040578
996011046
244670779
211214980
312916000
244453030
268268266
244660745
244690563
205393790
366952890
253294000
256796000
808466528
244710899
663000000
251315240
246419000
503009100
563040014
412329644
477995507
227022800
413900000
265706350
271044109
244660478
235070418
244010955
59
710000001
273999999
431002092
412434408
413762725
512004408
244690454
244620990
244690690
219601000
304020821
413788282
412412412
533000000
235096892
244710450
244710038
413788608
341992000
304791000
412434390
227023300
211334830
338860000
211513820
375616000
440107160
367073370
367585470
276696000
997752230
412596999
413888884
994196025
224102920
413484890
701006497
356301000
367647210
431000294
440004700
269057548
244710284
271010369
244710903
246316000
367661670
352203000
412440066
235028825
277150000
244860721
211290740
367029000
431101044
366709770
770576260
992626002
244670190
412555666
244660167
316011409
366767140
677019400
413466930
345070237
710999999
538006000
990000002
412868000
244860469
367014190
994196015
244770598
416003451
244690839
211436040
0
636016035
244750119
36680
244750429
319016700
470372000
440037000
237023700
808464480
244660223
251244110
244710475
271002526
244650807
211471880
367331830
470909000
211654060
257338000
701006430
271010533
503759000
367143670
271010836
244690843
412055880
311988000
367495210
36678
244070620
760000001
244660621
271002524
227273000
244710710
477039000
256410000
244630814
245496000
367404910
316028554
338790000
244670267
271010309
271010284
563040040
244700317
273377030
244453055
244670101
205501290
525019457
244670355
244690455
413500000
431700169
367151450
305268000
211473910
211511950
269057228
244660305
205591000
244660819
311010600
367122230
106106160
100900001
311000037
244770938
123456790
211130000
367473590
314259000
239430000
371760000
316003285
5250007
994196037
244660160
211223190
563012720
666000001
244790001
701006308
563033690
367400420
253114000
244690212
367597230
412331078
431000792
273000000
431602157
567038000
205384395
367656160
367603210
366659730
211527950
876543210
244780526
235707000
477012000
994196020
311001473
366911660
241087000
563040431
244660475
211527960
277349000
367610170
503345500
367305040
376333000
440016420
994136303
688888888
244670222
375041000
413800116
244750895
319088700
244615934
257273000
244210246
413830443
211648000
367456980
367661390
440022760
33
434126095
413795592
412460870
413781019
367716440
413475040
261182634
369080000
367598240
244630439
366980410
244700533
316001268
413773043
412472790
258007000
701006322
224096000
244700998
367378120
316004943
366995360
259153000
244630169
244690002
246925000
367319320
244750690
227024000
244660506
258352500
770576219
244730848
244630037
244820397
563016950
246656000
211218810
244650324
211512510
248418000
419000411
244020684
367011830
367017130
36679
308078000
245078000
229802000
244710118
259591000
244670040
211560210
512004656
431003211
431001072
371691000
218783000
249000638
244690915
994081017
273447280
232001470
525005052
503575900
316005623
440118750
423333100
36611
413456789
345070244
808466512
244453051
271010378
431000383
244010082
211664100
259000000
271043573
244700144
354721000
272566000
533914000
311014600
271002520
211623180
266301000
311104000
244700170
277540000
215740000
369540000
253416000
259649000
205320790
413506210
244670010
244670171
230112970
636016109
211372620
244660252
244650934
244650367
563029990
367000140
351008921
271002602
219458000
412460910
512000465
353383000
366856070
367507090
367141250
244690849
412222222
41206
419000245
244020876
367078130
466000000
412016410
416004319
503577200
525015932
244660419
244650936
413446910
374751000
244453024
994196014
205453690
78
211510920
503325000
244650593
372328000
211110430
710001520
244870535
265522210
366996220
755002914
235082716
470000004
211301380
366941850
258306500
412460880
367185530
244710915
470397000
107374182
366972950
258359500
244700794
211475380
244620946
367057930
431000223
244660113
416450000
246139000
412050505
17739082
219653000
367304020
770576231
563030060
271010314
244780658
319205000
366972000
431000325
366755670
211511750
239386000
263701940
258349000
244700470
257144700
367456810
367631610
271010280
244670742
362024000
367613760
431000734
205479890
412456410
205301290
224232000
419046000
431602232
477092000
257304900
244620869
244573182
244670434
235091541
994196026
211510910
412462270
244710254
211365960
367651810
245718000
413479450
244757000
244690362
755201178
244630637
566162000
808664168
995126086
367528080
563002940
256000656
244750327
431000526
440105540
367656820
566513000
244860892
441749000
244650575
246608000
4190009
265547250
244650928
477995493
244660224
316013431
36582
412208030
246154000
258226000
244630427
244780387
232004598
235083948
211676580
412100000
245139000
212499000
367628670
257720600
994136316
258694000
244670074
257008300
413826299
219000368
244660338
413694190
244710466
412088888
41015
760000770
244650969
211473470
503345100
265509950
273334130
366985310
244453047
246514000
244670270
244750306
367119810
477995512
413482110
244690672
235089333
477866600
244780377
235084806
371182000
244670016
111111000
412053050
235086473
419000490
512004996
265633770
412689000
413777777
257298900
413471740
246658000
368247000
367649320
677061300
994136514
367444590
367691950
316011407
244660067
503604000
999123456
244780700
240184000
413829028
305059000
232002833
205269190
512000027
760106000
367445000
477320600
701007014
271043869
367505050
477995456
431402019
636016680
244780738
367702290
416212800
244690643
211437240
211490510
212819000
211544210
244710018
525016148
244700538
413000001
371768000
412000000
367619730
241160000
376492000
244670362
269057090
244830924
367402570
211546580
416002251
366952790
413411650
413304270
246762000
6787
431004228
316028326
245766000
235114376
413901323
431800597
413358780
246131000
244620096
211696800
112233445
235089435
416121800
994196019
244216000
431000479
244660290
244660815
412284277
235013197
271010326
431000645
2734421
244020943
205395990
367098340
248040000
244710402
244030421
9999999
412469250
205526390
244810759
273352710
272682000
211715570
211876000
710000240
271010204
211512520
271056028
244700117
36604
366963460
244690490
413830605
244850403
244740894
244670018
701006239
503387400
244790084
210584000
354934000
538003856
36645
305102000
367702040
367608860
224494000
470568000
563040558
244665000
408315000
378394000
26
366995460
259402000
316003878
272011300
244250844
246918000
244710731
244710116
271043709
636015670
200808150
271043749
412884000
512001028
249205000
316011535
219230000
375879000
235012119
249532000
355690000
413906535
244660158
111100000
413504010
245351000
205393000
503001880
244830366
271042609
412000003
431200306
244750897
244999998
244060760
345070176
412356898
259551000
205375690
431797000
235900006
244645890
503603000
366685950
477026000
253296000
701006515
244710659
636017222
367590560
244870246
223456789
994196009
412422352
223344556
222222220
300201821
466410000
367525740
244030299
576206000
244740787
413900917
431000338
431000458
503576400
244790541
265571320
244851000
994196006
413002060
205092000
229196000
247143200
431501694
413771799
211442010
367506940
98310517
246016000
100000001
477995487
412333567
219001147
413795274
881086277
413832263
367531750
226006370
211693490
261855216
412520080
372278000
367706830
3692
677018500
477995040
308162000
244660037
235057012
366941840
244620933
316003600
311010100
99999999
244750641
367666170
367678850
271002517
370000000
244810225
244772000
244660317
244660878
444222000
246192000
33161218
244700713
431601676
257801800
259650000
244710019
244710173
205188000
354166000
244780375
6916
366988770
244860670
362000000
265738540
994196018
203999371
367442390
546017900
477070100
244660217
440127670
413378870
725001090
567000522
366962970
617100000
563869000
244690118
311027000
770576249
319085900
211667590
367568460
244750356
244710429
3160000
235072757
477937200
271010292
244690497
413478850
273376370
470100000
244690482
244700448
205381890
228017700
413832995
477995225
265522240
244710224
367599790
277542000
992626005
710000869
565742000
244730199
244730368
372217000
377369000
244660610
671476000
440115630
440113880
257296400
228293600
227573000
538006408
367427270
244750494
993672210
247290200
431000221
431000309
259773000
994196004
994136317
371244000
211215340
366773030
256947000
219002177
231093000
431602089
502
235053239
271002493
244670007
257274400
503376400
231078000
246901008
412111111
244650571
224778000
244363000
366984980
244710390
994196002
224203000
244750018
277421000
440400170
372338000
376091000
701006247
477995032
367361020
244863000
244670166
316005625
211529560
564011000
412333333
200000000
345110011
565928000
244710315
273854000
271043393
503374500
366995970
246401000
271010531
211168930
240000000
319088200
370506000
265463000
503003260
249531000
367352240
246333000
412151008
308094000
367505070
271000743
503112233
808464496
227006710
244630113
244710388
357757000
316005718
244387000
413371940
263701960
244730389
101101002
244740335
775503000
992626001
353100000
563040062
367686940
271002508
244710387
245354000
6149
205194324
258330500
503793700
413762252
211190000
205476390
271010308
211540110
272883800
205513890
244825000
237001000
477545000
992351053
277425000
235003307
431001112
370511000
244100731
477995041
244660442
367677570
245405000
366989220
259344000
244700125
211590310
244690411
477210000
271010610
316005239
367598950
244521000
244453029
412596777
419295000
512000222
357667000
413900331
246819000
21526690
219018172
244690747
366749710
477197300
271010269
431402056
244730020
101101001
431101065
503376600
431000649
503576500
244700688
271002489
477304000
271044172
257615000
367505090
319732000
645147000
992626004
244353000
367720280
412000002
244730973
994136626
316001249
371873000
249137000
477197200
440505960
244690971
440105210
210842000
546018300
431301804
503721000
787878787
431004231
211169300
244670454
413831143
277078000
242127100
211472760
413966097
271010513
413473210
244660896
413901609
373302000
225444000
210605000
16
245059000
268168
419930423
477995442
244750217
226008810
367487360
211437470
245906000
371897000
431005301
257133600
413695890
244750731
244660562
993692021
367597820
244020589
412000088
21
367702190
235097407
413698780
412473420
636013800
271002735
503024920
259680000
235103397
244620196
263701650
244670062
244670304
235031617
36603
244660152
477384000
245115000
211459430
4280052
63
77
244660303
538004720
319055000
367106750
271000976
219440000
235111195
412755550
244670182
258009500
273111111
994136510
770576262
76
261550000
373135000
413043040
244730205
244670932
341933000
900200001
244650721
229097000
366985540
710000440
244740748
245931000
244780631
677059100
565616000
244660705
370503000
246363000
244690318
366727190
273387810
244690836
273110100
211664570
36663
244660053
351355000
345070125
413761431
111503019
770576110
205523290
367627770
413774502
376767000
271123456
111111112
244660611
253093000
245866000
244700226
440118970
244700986
413000000
211589740
770576114
263701470
211272260
244750773
244660423
367193780
235099969
234983000
770576223
224166990
412462040
367129540
271043394
244700771
367675880
440121140
245585000
412301030
218197000
503586200
413690240
366772750
257282400
431000773
244690517
244100223
2
808663857
244810184
525019003
271040948
477525000
666666666
525001103
244700843
240389000
271002482
563021050
258323000
477995076
316001235
211627870
244700277
239793800
205673000
366985760
271042567
258584000
229437000
244700714
431000238
211471070
271010317
529890106
257084340
235008564
412005588
770576154
413822602
3
370176000
35
235102532
366607000
367145870
600012923
367075110
244700837
277493000
37100300
219000429
245494000
431003514
563040563
413978433
431003381
636016352
413762969
412043550
205457590
36677
413770667
367679030
525013021
470654321
244670709
271010522
701006463
271010510
477990000
244660746
413378450
412591072
413832808
701006018
232002712
503657300
366997760
565123000
244700292
257804600
235010670
413464380
413903511
470573000
431005286
413800089
249267000
413762726
566994000
235110913
563040556
244740763
271002502
211513200
269057540
440003350
525025062
319092800
707413847
219017815
271002512
367039650
636017498
503646000
316007865
271010504
248692000
244700639
219000733
244660958
244850093
755056000
370239000
367477680
211214960
338224000
257013700
244650537
412111333
477937700
367675910
477937400
366996630
413001000
247299500
775000000
211186950
244700853
367087240
244670997
413697260
205541000
265522220
416000818
244690030
366772760
354228000
244820369
220284000
419000633
244010724
224127820
244070618
636016424
367665360
431005421
431001544
249238000
564305000
431401968
376436000
256825000
366993470
258433000
30308
211602130
994136318
84
352275000
416000000
258844000
477786600
227286000
257009300
477064000
271042941
211437190
339396000
244730862
367703330
245995000
373661000
701006216
357762000
367479990
244620945
351117000
994196022
244850180
412418140
244700948
372517000
305389000
412430562
565128000
244770000
244790319
304070991
525000010
316001232
416011000
230629000
211188000
413576576
657107300
235069875
312854000
408386000
211546840
412356990
277459000
235088195
366772960
246609000
244830609
258063000
244670973
244660713
251794110
211625490
201208170
357662000
244670512
635000490
413373290
366953910
235109058
265725450
244085000
412047690
329003100
367000120
355497000
431000478
799999999
265292000
244670119
272000000
7
244780806
244660341
577191000
311062900
367444220
367152940
244670107
244620959
244790610
992626003
215883000
566501000
247213200
212487000
271040378
413364470
258146000
244710230
209317000
273148810
244710708
431501621
770576342
219016906
273375370
354075000
244630606
277280000
345110015
211002010
470377000
311007200
211437770
413371220
367576470
440336370
273319750
431000534
413127000
244620938
244780264
730000000
244770183
701006452
431005182
367456880
235006680
272010719
770576122
237029100
244820807
259386000
566163000
470006317
244740078
431300084
351129000
565038000
920101116
259216000
244670768
258092000
431100476
366916840
276810000
431501756
512001041
244690564
265522230
244630110
243070423
367564930
244148000
257275400
271002467
367557590
259593000
993692022
235025112
265041000
244660638
244740042
244391191
415000000
413764285
503006650
229398000
211697170
413827432
701006344
992736003
219000674
414096000
367678150
701812000
244700482
858993459
470123000
234235000
244670564
244710207
249005000
412699510
244620046
431602031
564218000
219017081
258841000
306009000
271002533
244660532
244630096
370094000
413372210
265865000
244690660
246063000
412460850
311000317
369062000
440111140
271044240
413791445
247056900
244660134
367006410
244391000
366733250
412375580
244860472
244010489
512099000
239627000
316001266
244740488
268268268
258046000
244660159
413803329
419001500
255805604
219005068
701006100
246538000
244287000
273432060
247070800
413791892
259278000
237247600
413478770
319349000
195215126
36415
244750125
255805590
211490610
419000872
244670697
235000864
367584740
367503920
265528280
341484000
563128000
503035000
245043000
353628000
244670770
413473920
994136307
211589990
305697000
245488000
431000293
269057095
470543000
247037900
366995320
227006720
277385000
200
257287000
244670878
244660874
512001027
211625350
211260260
412755540
413123456
253008000
244820299
503616300
228085000
671317000
563021070
271070519
525000000
403288000
244780955
211437260
36483
244020463
257322320
244660747
710102044
413802625
244670098
367557580
477201400
366961230
211711370
354292000
205309000
8073718
244660962
2734497
413905228
244670168
257803500
525123456
230637000
244750264
244650690
277148000
413465680
370585000
367156850
200011888
374373000
367508430
316018851
244650838
244660088
222222222
218780000
56790
244010219
244660354
253029000
271010541
242173100
244650333
244700127
477056300
312304000
477937600
367671160
512003135
244010190
431000598
257004500
244850970
211519730
244660594
205389826
277447000
271072246
367682610
413364220
243990530
244670985
434122500
367343510
244750689
209936000
205604000
244670923
269057047
235114576
477995072
366995410
431004713
413666666
367354540
512004511
256246000
412420956
413800000
994196017
419000001
230052180
244740095
257340400
5
244670385
244486000
235069877
271010511
371013000
701503000
265573140
211378110
257310500
365946914
244660417
246818000
273356980
271002578
311000164
235064784
367581120
657716000
373591000
412551070
306039000
168168168
244620955
316001234
503566400
470834000
235066012
413800134
244770241
431001114
316003668
431200709
316003656
316001244
423405100
576451000
244750482
367677450
244690223
235090189
352775000
268
200000001
244660675
244700797
211202770
259638000
503701200
271010256
413433180
710025250
244690859
211636260
6774
229095000
367608470
244615506
999999998
413691310
244660374
636013850
563040562
244780737
352814000
244020365
770111111
237808200
431600182
244630033
357255000
245907000
244620966
367378170
431200681
431501801
253311000
271000975
316012721
244167000
244710657
244740814
412417180
345000001
211454200
525005015
565927000
246596000
237005100
345000000
373647000
367109430
431000127
440147650
244710897
412420197
413905572
235115929
412473430
244250294
512002959
477995047
994136512
563418000
477385000
271010514
211474990
244750409
512263000
316011710
413781538
235008929
413826781
355264000
245529000
11468802
412349382
416003945
271073148
244496000
636017472
992303005
219664000
412206768
503575600
413801516
431007958
588178638
412460330
100000000
503344900
244532000
271002699
244124000
366999220
367710310
477509000
228000000
538003402
257559000
244660483
244750560
354773000
440004260
224624000
413370550
205110000
431000239
413762724
316093000
211557750
244090901
272597000
367441870
244690576
997300173
3099
247280600
211151080
261007210
565504000
352277000
249040000
246366000
224768000
62
244933000
319422000
100900000
431000826
276747000
257350500
271002492
701006428
244650970
477995027
477937100
70
367057380
366961480
209073000
244670723
503374600
244740804
244820548
246245000
123888888
244660967
211574000
367598970
366773070
244700271
413472060
246359000
271010506
431602036
366771550
367108030
408521000
244750692
244660083
244820146
235007472
244660834
477995084
244780409
205502390
244820297
994136319
525022379
227006780
244670658
413591740
244761000
257266500
257249000
244670929
211493380
68
366755010
470919000
224121250
111111121
422000000
366773090
413822011
367595460
412441550
244980000
512001026
413364880
202020200
257858000
533000743
244620207
246300000
244710870
367526690
244700519
416003941
431101148
244650754
366985730
470903000
265550860
352837000
413374110
503577100
244620968
888888888
244660564
620090000
205642000
371150000
416236500
572101210
412321464
244780077
244060306
362181000
244620087
238118940
244650495
247295400
366993440
366916960
316015121
211147880
412460920
470384000
538002316
6923
994196007
413772681
244730603
503576100
244750401
246353000
525019522
440111210
244250811
431005288
503376200
244660482
431003061
413305380
244620628
271002615
243070517
261467000
700000000
701006113
367443060
235056506
246171000
244660700
994196032
244700504
412422729
244700535
244030715
219622000
636016068
261010910
205361390
244750267
259490000
244670460
259456000
518326000
808663912
419000209
229880000
244010773
211626380
555555555
244660530
244700131
354974000
538005073
7964014
412004321
366996710
272319000
211188220
375885000
512001266
477995028
525001102
992271106
261002100
354444000
123450011
244710135
244750464
440111160
755121212
477995030
367330620
431006913
356861000
367603820
413820058
211671400
431000306
244769000
244830642
271040319
265587220
412379530
760001210
244700124
412596110
244660412
367352630
477320700
311000265
316005715
366963350
503032680
351745000
211595610
412303030
413015060
354857000
244630051
770576278
1942
431000259
770576346
564867000
235007473
367051340
312405000
36422
36413
244630043
205388990
219000479
412302940
413592290
244750341
244700985
244830680
244700537
477990800
477995026
367075020
241284000
271042486
564328000
244660566
461002000
235010500
241069000
503500700
367561360
367428230
367610510
400000000
244670998
370308000
367774000
263701340
440008090
553111842
367080390
229533000
366985340
244750961
503017210
316013040
413462110
244660052
244620835
244615899
244770656
265604560
413971689
214182501
316000000
244030516
246060000
366982340
244700651
311000096
366963030
367168970
428045000
413794745
366874880
259987000
219007844
265177000
235058304
994196027
538002930
226099000
211643790
244830464
233009000
244620965
229839000
352104000
440197000
370268000
231257000
503576200
239741000
414211000
6932
636015991
431003373
367671080
413462220
477995440
211305290
205435990
11
982000000
111111302
366963390
244810087
413696520
244710564
257308800
244630353
227289000
338193303
373972000
271002511
224101000
367003580
244710961
431000569
244670122
431101108
357791000
503376300
412704170
770576257
232191919
987654321
247003700
367497990
246172000
244650884
244690570
316004100
408857000
263700002
413828782
265721770
245909000
311753000
244710267
244670648
244730326
440115340
100900012
265650950
413770826
367519240
226338000
477324000
367318570
412447777
316001243
244020144
227011500
205599000
503679200
244710762
244805000
413987654
271002637
367387350
341337000
434109079
235070199
244700203
412472920
241213000
413830207
636014487
412373830
367559030
525016608
239879000
258062500
246581000
366975420
412456430
244615207
412206430
276672000
431100032
808464488
413813198
413800008
244584000
503709000
244700715
244650878
245390000
367535110
210407000
226009350
366939710
211676590
19831792
808466536
228233600
431500004
339800020
503666100
244660908
265547260
367193790
316012774
261024110
244670014
241133000
701006257
235083892
244750688
503740000
271020168
503432000
970595141
367615680
367702230
229227000
244710229
240032000
367672380
245846000
775996242
211436370
244770930
244810513
512001259
244750275
503607000
316007862
366995230
36676
356068000
540011300
367705330
710102030
200804300
245028000
277526000
64
264163270
413998888
249570000
244660396
367535250
244700689
244750714
373857000
994131625
272977000
244453040
477995433
305542000
440120860
994081002
413567890
232003401
710026180
413506190
525025050
211512540
367585170
370251000
992271115
431007094
412339965
244790048
6775
367105910
205521690
994196021
412325360
244690540
565435000
413966096
345070349
760126000
249000882
258064000
245209000
244670102
760000650
419001129
247047300
411043986
701006177
244011000
367453850
249522000
413463540
701000662
211588680
212621000
413816299
419000004
211527980
244750587
418815888
413809468
915030172
244670409
168
413986644
244650709
477995064
710005610
355435000
376375000
503680900
240567000
244650879
218321000
235014365
244700798
94999
800025012
512003410
367638010
246130000
269057072
413055540
431600423
710000000
100912003
244670996
211472160
211474450
244710352
271002518
416241500
244650988
413800091
269057261
100912345
413700000
244790963
235108492
366967720
219002732
271002736
246774000
413696510
211539800
244710378
636016720
367057720
374393000
123123123
333333333
258048000
211546160
211666330
265704540
244660434
338073000
413021110
245247000
371471000
271010505
244750454
413371950
431006416
538006202
431601588
413832004
370797000
219020304
366914180
211516500
300000000
412876000
367702120
366963272
12
244650944
205465690
245505000
244592000
13
224170140
224689000
244660046
244710825
244735000
259039000
1000
205253090
413364830
244670831
256758000
316004370
211437300
235052541
244700288
316018477
244690982
244710741
247290300
808464432
416000080
249268000
563040547
211539790
412047730
265698740
244740942
123456788
239748000
244130292
366772980
503686000
41407
244650911
316011982
470533000
253115000
775994290
257080640
413467420
366941820
367421310
205644000
431000457
367615130
36665
755003627
244010716
367638090
770576282
477995074
413373080
431100961
41365
775042000
224704000
205466990
225419000
413452650
257517000
245418000
211437180
431004911
413473180
636091052
257752900
257114400
576585000
412377310
413697830
413462750
305627000
367016010
271010306
413695620
636014111
244660108
244660098
367663890
413694950
244780733
253454000
808464456
994136315
304346000
477995100
244660726
367129670
563921000
367057860
538006142
412333007
244660306
235074416
413782347
367351520
470281000
24
244670333
211515230
212368000
235021802
257837000
244650794
210523000
760000880
367301010
271042480
431000652
244660086
366765570
244660653
412002120
257584600
431301245
229127000
366874110
263701290
244050426
367004260
367524240
246449000
244740142
431007022
413820832
366984910
244660497
412460320
257684700
123
244750286
219000809
366967660
259427000
244660930
235007690
548937000
538004906
244670112
244770268
249138000
238113840
701123456
444440000
244810632
211265900
353446000
413794894
235074938
244620954
258130000
431005207
237017200
244710702
211551940
218272000
370008000
244740557
265004000
366959350
374001000
356986000
413321000
413774000
311404000
244274000
316029591
244660875
211177620
440111111
269057259
470628000
244810881
413900201
205340000
244670802
244700046
367101920
367302630
8072781
412345678
227658910
244630231
271000539
601140800
244660519
271044086
366977490
259592000
273828110
244630184
211536810
224441000
366893270
538006049
994136508
244850968
338982000
205500190
203999327
244670295
244790972
271042704
275471000
259401000
244620963
244070156
245967000
1111
412477680
263701950
224239000
351923000
219012277
244710181
244780876
775506000
6929
246476000
357330000
253384000
413790185
503576600
244670774
235106917
345010033
228665424
211680230
244060924
413468580
369970574
477056200
271010488
244650739
245121000
725000406
244710202
244630052
413324830
220520000
244810692
236591000
11111111
211704040
211112870
375206000
564721000
2132200
205480790
205435490
244010526
211178250
367579880
413781023
371633000
367537070
244870016
563016940
367389230
2410
367344000
431003439
566520000
413832099
477995428
367692890
431600334
244710817
470309000
245207000
205114000
245618000
244660233
367530760
413467060
503466000
477034000
235095629
316001242
244710843
311026500
245670000
224248000
244670865
434123500
994136504
253336000
277375000
367647050
367465980
564269000
244620173
564533000
224127000
477356000
234781000
219016832
246803000
244660222
19070393
367466980
636014470
412345679
277533000
431500784
244700690
412477440
235071204
244750116
413802688
710012230
244710873
412420502
431501488
211530930
235070402
345050029
563935000
246301000
224279000
201006210
31705
235112742
353210000
276786000
329014320
431000585
257473000
210248000
10878978
224220360
244670113
376566000
246604000
503575300
525019409
316012053
431005263
265531630
316005624
235102029
201204131
211180550
244780366
525005012
244660735
316003667
244710521
265577480
367182120
503376700
244700977
209440000
256373000
994136313
419000000
408318000
636015957
413960138
273354210
211196300
241106000
412123321
477334300
244750043
265514120
244730153
244710126
412456420
367513420
477995436
244660996
205593000
412413010
367157150
503605000
413829405
413912370
440418340
413820641
244000001
244620961
211149890
205594000
538005442
431000596
412020202
244750822
370744000
431501618
413777098
211523800
413812177
370172000
245128000
338183275
366995330
470210000
272136800
244660356
75502471
367702130
100900004
271000733
312288000
512000928
367037490
244810186
246214000
257277400
211520730
710012740
36627
701006244
367165960
316011408
244615774
366710810
258177000
219000407
316014050
366967530
244670342
244660890
311000165
412888888
277207000
232004783
219000836
244710210
244780043
249119000
419000109
512000742
994136306
503000000
244660400
319281000
503575800
244730181
244670291
244660337
564756000
367032830
259310000
431000517
241241000
211327660
244711426
412331077
224600000
258271000
503576700
366884150
244750687
431800389
305200000
258424000
244670725
636012804
412044510
316001254
477271400
235103398
566484000
431000308
244780914
412420852
271000906
255805776
477033000
244710524
257457000
244690485
244620876
440110530
431000592
69
232343000
243070103
211000000
413464940
999999989
245735000
366710820
503575400
259604000
247107100
412303490
244620839
367308990
261006870
244660168
412443620
249317000
211599340
244700427
367375620
235103385
636092637
566801000
413271470
419000707
367533020
244992000
244070846
367142710
413473190
253242387
371398000
235031618
271043395
219019887
273317810
249486000
431000427
244814000
244630251
367161940
808464464
244780373
246375000
352231000
352688000
244710114
249898000
770576365
525022300
244100055
316001802
339377000
367436030
431101164
244690658
258696000
99
5355846
477032000
248218000
244750310
538004945
244700991
259589000
431101119
367677630
271002544
367143360
235097139
244710879
230180000
373650000
244710256
413901565
413827506
269057336
503760000
770576186
244660218
244596000
244123456
413473310
245882000
235090599
265549760
316001269
367000150
367570840
564624000
212179000
235081661
371900000
304010228
367141080
265573150
244030666
224032270
257126900
355692000
538002543
366987010
235001800
230987380
412882000
100900013
211187040
412888999
271002711
372894000
207351000
413370570
244770329
366920020
211590150
660
412010101
414095000
477303000
271010270
244700718
244690333
413436790
636014381
253242302
249110000
470123456
503622800
257011900
257961900
244700534
23303610
412596113
412430000
271043936
366988580
366962950
994136312
271010163
244186000
244730796
244670274
677039000
565518000
357960000
412999999
264162940
431002428
237024500
244730116
244620980
244923000
245518000
440067000
477038000
354587000
253373000
244830541
277449000
244062000
994196010
345200021
211437270
367688280
412620000
413816812
408522000
244770198
413822601
244670318
477937300
431006206
271002638
244660729
271002506
2424131
710102037
209222222
413888888
244750598
244780904
235108315
244650814
271043713
271001039
667001312
248761000
431006336
211553110
367589320
211247120
431501879
341363000
244700236
244010025
257026800
518100004
244770838
212746000
431000261
211200690
367162230
247455000
235077712
367420490
212400000
413370410
249000090
244692000
244660806
232001040
235089436
11254086
2278000
419000122
412450000
244660952
636011818
205528890
244030023
367026560
503758000
224718000
245569000
412417840
512071000
367710770
367339240
269057316
412477670
994136320
367129610
20
244740957
314020000
258334000
563028790
244630916
244153000
413000002
370798000
269057131
413965863
277291000
413359840
229294000
351232000
235010020
636016918
211366340
212302000
219965000
412428190
366773110
235087611
367350050
261015170
677062000
244650985
512004062
265585940
244750554
244660825
244660791
209322000
373966000
244750399
244700788
10
710000925
994136311
412320023
244660202
373408000
244061000
244710763
235113737
244790685
244630112
351737000
440019000
636017000
367562810
576190000
431000605
412420944
431000001
316003659
566291000
431101177
244830191
245999160
244886000
245703000
244620962
244740074
367079240
413374130
634120000
431003635
316001251
246190000
311058100
367143690
366995340
244670063
244000000
244870671
241230000
316001838
228008600
431700716
277464000
457283000
412460002
244660609
331277000
367014450
271044139
316012834
319057100
244708000
994196003
261007950
244700466
205448690
235113253
273373370
211437340
211437330
212797000
244750685
244750382
245088000
525019195
229302000
259546000
36581
244670077
244710137
244660418
366996690
219016555
244740575
374832000
211546740
235096027
371838000
244010042
244780435
235115444
316009547
352134000
413772016
316028702
123451234
413806208
367411970
244660961
244750496
265585310
367688580
367843900
366962220
244620567
441125000
245932000
244740080
548000000
413765014
219014427
246537000
244660377
538004153
271043475
228293700
244730196
565769000
258266500
235100258
431006187
228006800
413406000
244650951
244810900
538005121
412420905
244660474
316013209
23
366941790
431800596
211257820
622123000
244660375
244020226
311028700
503320500
371111000
374889000
265650970
244820976
412596333
244830638
232002589
249518000
235083876
316012308
366991080
413555830
225488000
503744200
249054000
367093560
510115000
245816000
271044098
412326789
413857842
366995680
249525000
412214279
413818939
249526000
244690990
249572000
413808756
2231998
100000500
522878911
212935000
512001261
431800201
235084702
271002494
244650853
210804000
710026140
367382530
367556370
265536500
244660494
367370010
219000742
265513810
215805000
477995106
305741000
413822010
239297000
244670334
477937500
277541000
244660123
367665480
60
244780739
367537180
244700010
271000734
2579999
244070903
205212390
542179110
701000648
244690543
257212400
244700123
503005610
9
219017917
477197500
271010527
235056993
253047000
994196023
251485340
244673000
477995029
244690361
999413092
244765000
230628000
311516000
345010064
525025059
235080274
367028690
211383980
257363500
85
272325000
525016015
412883000
271000869
367476930
244670100
244670138
235064783
244630070
244710865
413780000
244010334
235064777
244710742
244100063
366960120
525016539
431501766
412354056
210125000
211124650
413454310
316014621
244603000
701006265
269056851
770576299
367118980
345110004
316001271
244690186
503542400
412460930
235100538
477037000
244650917
247256000
71
244780507
367508440
244050469
244780867
209392000
431700260
431401807
304117000
247192300
371910000
412461990
271010521
244660627
319904000
367104060
212392000
701007052
316004661
212222222
244660359
244060858
235068243
431003033
244660131
244690214
244699000
271041249
428067000
374734000
265547220
412400000
413693170
244770334
413816166
244660960
211555980
357982000
244660214
244650228
367428170
244700287
413691280
431000307
367675660
244660318
413781014
419000189
273386020
244070288
111503018
367626420
431100403
205390790
701006466
419000704
316009843
244690316
431000424
244700126
311000324
503345300
273380810
564481000
21193046
246814000
563614000
25
770576345
244615283
992736005
210206000
211226550
244030035
367595560
413472010
244710871
244650990
316011461
211024029
244660136
565042000
440155330
367473240
244020530
701006592
244660811
416000005
211706350
219282000
710000010
701007051
503032690
413008208
412329520
525020155
244730148
367505010
367615260
211649550
6
440156000
265514130
538004809
352598000
992271116
710008000
316001262
567001370
431000599
367153930
277523000
312451000
205530290
413471870
210041000
770576272
245979000
244850581
244670114
5671117
235005246
244110417
212454000
246187000
377138000
512098000
367685130
992736004
564330000
366773040
316005723
999999999
992303006
244710874
431000876
245457000
244730648
413456520
305760000
412352380
366935050
257645700
316009841
413827000
244660862
211513110
244700644
235057011
565955000
211559130
244650553
503344800
244750276
258968000
440111150
677060300
563040539
503701100
311000272
412666666
244750715
345110014
431003967
244710914
503261100
431704490
538003455
992446005
431800044
377103000
412470450
538005592
244740662
244710011
367476920
244670194
58
220124000
244820331
564331000
565925000
244650129
257390900
205085000
366834180
237292000
367433620
244700850
259187000
636011634
770576196
110000000
244710878
367480010
244615594
211440680
413818321
211639300
440113910
230634000
273313950
244750008
244618000
244660518
354574000
477197400
258266000
244650611
413272130
244750117
273379670
414898990
211512430
211612900
244660546
304263000
244670109
246657000
244620941
244326000
372696000
244758000
211587750
700000001
636014408
244650632
211437280
431007149
413017070
525005004
265514770
244620934
244660513
244660408
412035110
244790609
503034260
246137000
258098500
271010294
265739650
444444444
235083344
477357000
247044300
341049000
367306940
316001295
211234440
205592000
503576900
219292000
244650899
477995449
710102038
431000044
413820000
271044216
244710740
111111111
354832000
636017024
667001550
244710286
413815052
367622960
1073741823
211316150
377469000
470460000
367689630
211692820
257274000
701006226
244780913
219298000
6930
316001245
15
563018160
259706000
244770798
994136314
378112046
710005550
567005000
244810665
457900024
219000431
257206040
760000920
244670209
412428748
503380000
247178800
244790535
212396000
226000000
271040307
538002864
246128000
244630150
412464160
244820300
367310510
312068000
800000000
244830126
244750563
413789109
477995432
246895000
244790810
244453016
770576067
244850894
553111672
211207760
244650105
538001697
777777769
992736002
431000477
538005400
431200654
236603000
211281010
227000000
701006520
259425000
431005219
244630233
244740124
416002477
701006286
211437250
244700938
271040027
269057368
244830185
253365000
211611680
503748000
412159357
770576200
525001104
205491290
503575700
413134000
271010517
247546000
512000741
244700416
244615748
229295000
367110450
416008800
244964000
245272000
345070272
244630026
994196005
211177410
412421356
563021930
265547270
413829716
316031489
271010298
412900000
376175000
370483000
232001060
244660616
224195530
353197000
277486000
413989463
247054400
244650678
244690611
244700987
245675000
244090796
244700378
440000000
235002514
371506000
431001455
246115000
412867000
244615634
412030303
244710812
271040153
354622000
367352250
367197420
412000568
311023500
367508330
244615779
248465000
271072069
244030940
257506700
226004530
563040757
412160101
563040537
416004681
777702500
749029900
503029560
413809275
413471048
503541000
244020916
367426830
413479470
667001354
413372490
413763144
470515000
265516670
566133000
271010509
211684020
271001176
366952870
777777777
316001257
244630402
1
316001238
258593000
900000000
227023100
245742000
414073000
563026780
244620939
205233000
503612100
244650922
211180740
311026000
244710617
244710547
412461640
355490000
525003109
211540060
366898420
205508590
244660982
412123456
219000811
357026000
224840000
265859000
244650475
413952567
412280956
244630192
366990630
366759130
994196011
271010526
367011730
538002961
232001610
258219000
412467870
245861000
367310170
412338800
357240000
503775600
244670915
235069052
470607000
431006855
261199000
244690970
263701890
244620542
244750498
244670022
244630657
244100272
422050100
245349000
431100338
367653630
1193046
244020072
224040140
477243200
538005178
413378990
245257000
503754900
271002504
316014836
564885000
244690475
503010140
367428150
367586130
244780800
431005267
367475560
244650607
244690468
244650860
319017900
755903495
244750633
994196024
413412413
412466860
413461990
244620979
244780376
247054200
265756770
244700616
244660230
271002561
244670290
244670084
367061140
244700786
244730477
266026000
244750424
244780346
248078000
367005550
431005338
538004923
413991951
211367950
244620834
238991940
431200628
244670566
419000101
257264400
244650834
244630683
244830550
236281000
244660937
214180601
244660571
701000798
244850179
244670106
325266000
376991000
503017420
431501774
367104080
412044103
276691000
470000001
271002491
366996640
457900040
770576209
259417000
431401978
244690958
271010101
273445080
244660401
244710182
477995063
710102034
244730048
247235300
271010348
257124400
356159000
412303160
366762660
244650806
538006419
246536000
525014666
366984320
244730696
431501863
355519000
247058600
503241900
271002527
211000598
408723000
219000604
273352820
257075500
244895000
244730959
413810612
994196031
308241000
626000222
244660194
244670293
211484674
244780316
367005220
338182849
538004240
244690901
235103431
244660742
244670358
209852000
412320397
244660847
211513570
431000236
244670025
563002950
265546920
263701440
257534600
548062500
412237000
356353000
83
242000000
244670408
371089000
413822207
701006097
367653290
412461340
244750830
563029960
244770727
367004120
261003620
367073380
205008600
244710664
211163700
477995044
244630028
211560830
266192000
211625070
412704150
367131150
235082717
114
770576009
367588290
211437290
244790247
244710667
431500658
244780522
994196008
987654322
244650162
212561000
503615300
316013980
636017236
412400155
269057378
994136602
257364400
431006367
413782672
755999654
304068000
477958100
431200669
205051000
413810489
246607000
431002273
994136601
211181940
244690882
245260000
997101009
271002562
3496
503608000
636092041
271040301
440404510
244670914
258509000
413811333
271056001
245120000
244690405
244630393
211555020
244670782
244650603
211521080
257022700
244660725
994196038
249835000
244850569
650140000
249193000
367191630
211532590
440151610
431600146
431602284
244650790
367702010
244454000
366997420
503374300
211513130
245724000
412462060
211437320
592924841
367661360
244660087
211233510
244650883
538006033
373715000
567000000
30077
244810693
12345678
367057260
244615094
5251537
244690994
244700400
235050371
246026000
244750390
367372230
295530990
244670999
244700668
253495000
305880000
525016706
431200708
211214670
413024560
477995039
4
244660409
357689000
422611000
412555555
413555390
576153000
212115000
657113000
413812479
636015777
316005616
224675000
525111111
412460007
366984330
338144978
412469240
431600422
316026464
265589970
412670670
316005417
312613000
725000924
244730150
413791423
244650652
412456789
244690224
244453017
412208780
319833000
271002500
244650579
311028300
237176400
431000518
224402000
244700467
235009590
994136310
701006266
244780850
564346000
211667760
897898896
563234000
247052600
412000001
367466150
251152110
367401030
775992120
244700917
273374520
244070253
366053260
577107000
27983874
987654324
269057030
211318600
257396400
246196000
414210000
316028909
224200000
431680138
503025040
244700365
244710703
265410000
367522430
367000110
277296000
431004277
413832222
244830800
244740403
244615933
228160900
477937800
413951000
244860471
367456750
477074000
477995126
412043810
525021302
431007147
431000432
316013007
431000651
413761747
366961430
72
412380110
271040573
235003589
245709000
503602000
246392000
244670521
567010000
244740052
246490000
412469870
244670078
431000501
82
354636000
304923000
244615873
245516000
244660626
366772990
636015505
413486160
316001247
4190010
211496350
244750887
244690074
431000984
244860699
244670563
205080000
271044201
431400282
477995523
413693190
440127860
431000249
219000603
367534840
271002523
413700010
366997780
211549530
235105625
211268070
244670661
205528990
366936890
413822006
244301000
244740452
244620875
367702360
247348600
244710479
316005176
24467375
211363680
376143000
413816605
366996730
548116500
244669212
969048
