251283110
412461722
412418405
366230550
410000188
224019620
257150720
245202000
412449211
244730084
410000688
412200548
725000990
219007027
412202958
701000768
220375000
412205518
367093360
224174120
244770191
224253000
416000179
820040960
366118480
227875000
440807000
247146440
412464605
412349369
366971220
900411697
251066110
441295000
371759000
701000658
219007511
412327636
100702670
412015451
219013539
245811000
412695550
250118400
251836340
273420800
725004900
412327421
220317000
900411478
725000591
250002023
701006131
901401522
902267888
413001751
367016590
246742000
367518250
232006050
412433377
412017056
219001569
412324032
412323963
900313153
257679500
412426259
228390000
246439000
244770007
259335000
251344000
259682000
237131000
800004645
271062131
903400020
273827030
412470591
900313211
367182240
257809580
701006094
412088168
412433397
259434000
224012690
875216183
413693270
412324037
224046190
273444180
100701620
412211699
901268676
412448704
316004702
228951000
900314208
228238700
245146000
224092730
230001770
412327716
900401326
257953500
265612260
257427920
412411523
368251000
257142920
257253620
770576096
218125000
211241240
271072504
412324915
257529600
273840900
440552000
412321222
257651500
246256000
257225000
900301318
888882178
228834000
412448941
701007027
259109000
412205475
273539800
701006060
900303110
312341000
219016971
367147230
228160600
412460716
257175040
820080015
251408110
431382000
412444901
257004040
725000199
227980000
366920020
441536000
900314119
412200533
900300968
266346000
900307738
412695560
412055322
273299600
246135000
412270093
218773000
266305000
412205417
235059379
725000620
900300701
412413902
900020593
412449009
900404333
812041378
900303121
413403440
412323144
258224000
224793000
316007656
273436060
273347910
431782000
367064000
251451000
412323065
901401535
432626000
412443227
412464178
228172900
412443895
251249110
412003181
219005647
367092390
251307110
273425450
257149420
224816000
303674000
273457870
900017921
228315000
412420805
412449017
900412871
219001917
265716000
441816000
257705500
900021896
231145000
412464225
412327989
701000710
412001207
257164340
701000620
367022190
227120900
412325504
367436650
412236884
412327409
237216000
367038430
218162000
275237000
800001652
224049960
273241100
258412000
412320472
259525000
412468251
227468000
251242110
529438000
224597000
701000933
412321536
412476431
247120560
412449951
211245680
251062110
273447750
247121250
247149810
227579000
271072328
263414760
413234157
600000634
412448807
416000106
228917000
740366000
257181020
316002919
257566600
431893000
900411125
227314170
412431458
412349987
257895500
412349561
259340000
276790000
900306831
413008103
228015700
412447228
232627000
366444090
900303116
275171000
412464253
412450157
701000965
227584000
412460615
412324293
227307000
412325984
224113690
412324035
257570500
205170000
257004640
316012260
412461666
412411057
512000125
412323695
247081650
273440730
538001762
412201538
367114980
245562000
413705768
227820000
273445180
273845900
232503000
412327815
273355070
367506050
415595962
367101660
413987974
412442373
412702528
412205385
900018822
219769000
226156000
412442384
412348999
237438000
412464115
251233110
775627000
412019343
701006360
440885000
224559000
412205519
257416000
211824000
247120490
366991520
900271331
224407000
276428000
90141907
303430000
412324043
244453000
412464236
412326395
412416572
431316000
241045000
412323777
266326000
257125720
227320290
900300588
412210099
800008084
412324627
412202243
273457700
367171480
770576150
244669000
251196000
316001454
412349931
431828000
273454800
228223000
250000864
261002420
412469576
412322848
257986500
273846610
250495000
247081890
412480316
273891710
257095540
232005630
275085000
273822810
412323989
412462177
224875000
412441438
376602000
412001572
412206878
412326196
567334000
247083480
250001205
800021957
277267000
412325702
412234089
540007600
235068242
367078130
273810110
231037000
250116400
412325239
250000213
875412025
247147010
900308416
900020549
900024639
224265000
251138740
273436830
250106400
257647500
258518000
228247000
100701339
412205577
412326325
412349129
412450131
227104400
261006910
235078256
204226000
770576263
412440043
325165000
412324715
412006735
224099470
226220000
227940000
275232000
366245060
244407000
431505000
251278110
412449553
412441619
257946000
431866000
219008927
237190000
273350650
413018408
412442055
900305834
412333555
257139040
412349402
367348240
412420228
440584000
245553000
235002718
412323059
416000154
412327619
273847200
412323513
412205575
412001888
228230900
224064850
701006044
412461561
245019000
259467000
316006988
220075000
258351000
421205717
412323582
900401565
412324018
227113500
440941000
219002827
218442000
224259220
220329000
257613500
219006971
234806000
412450057
333301511
412433121
367134750
303159000
701000805
416315000
205316000
251228000
224067690
701000900
227322230
412324039
231078000
234904000
725000669
273811710
219006005
368698000
211315540
412477778
246155000
900413595
273848600
211288860
259576000
316003050
205169000
800000064
900413136
219421000
618000500
273443790
273842400
412211613
219001204
205162000
412420238
227106700
263439000
415689669
900414295
900308305
220622000
259365000
900306410
257110940
367108640
412205543
220482000
246032000
368037000
244987000
412206817
412436003
412025708
900024865
412462266
701000841
247103690
312891000
413441670
211342400
235008741
770576059
220507000
245667000
263528000
412325878
251314110
273212500
412323544
251037110
412414656
412352917
257618500
412349485
412460751
228221000
227304010
227139900
701078000
231268000
273536210
368610000
251141110
273290500
412325008
251558110
247185500
412326133
900415168
412412765
273829010
412349345
412327820
412323612
900404607
440952000
247146020
227318120
227714430
226045000
224329000
228168000
412324659
900016678
341060000
725000460
227144400
367299170
201204022
412218111
412349376
266139000
412203169
272440000
259428000
725000420
245201000
251458000
224167520
220204000
412324654
259608000
219765000
245473000
900018571
224005190
224138950
250000465
247147380
412449991
247000640
211313600
265817000
251563110
242926000
258319000
240137000
412440045
701000823
100700154
413232008
900404151
900301287
725000510
412327617
273894400
367119980
367056452
244786000
220333000
412464157
412432211
900900888
259374000
257179640
259597000
205161000
900020636
900900022
725000896
701000674
237930000
900411557
219567000
265766000
251151000
412420435
431159000
701000764
273429800
224278460
926004262
412325317
701000907
250001885
376603000
900413162
416002269
224313390
735057642
273846300
224020340
412324095
412327402
228227700
412462276
259244000
440781000
227393000
416002545
273359300
224045930
725000217
660002600
257011720
770576174
725012800
219661000
367412830
412211242
900313432
412420344
900380636
247081740
412464446
900403332
412328265
412333344
412035603
219012459
412200555
600005346
412444953
900411523
367425950
258324000
257155740
257000210
800017781
257116000
275222000
244100331
412452789
412433901
412448923
273848100
412327799
412200535
412433803
701000960
412326883
219956000
261003640
412201095
368206000
412412028
228190900
635212000
228253900
412320976
257215000
250002424
413406820
412433676
273537800
227957000
244668000
412432314
247142820
412432402
413100851
899999999
770191155
227324000
237464000
245470000
412413276
900300901
412464329
701006083
900413150
725002360
431854000
701000945
710040759
235064621
413001086
412464226
900004582
257124520
224105000
228215700
234690000
257302140
412450166
336430000
220051000
261383000
227138800
224176390
273825110
412413001
235003460
224076190
416110700
251102000
367331060
250428000
432448000
247071930
211390480
412449489
900306386
412448814
412370177
224005810
412327384
412349465
257160120
265585780
412448987
211270480
211238930
412464316
900406015
412416721
219418000
258099000
900304208
247120950
412285686
412325284
227314000
316003448
205345000
900313155
412333656
413989375
412326208
412468502
204284000
512027000
244157000
231133000
412478048
224229000
412211677
257024600
415001168
275223000
247146830
227835000
220279000
412449033
240120000
412327816
412111187
273898600
375714000
900411586
412464707
412436764
412323157
247143620
412324005
316003514
234002000
440920000
316002518
412464436
441015000
900300912
412326703
247142720
800001633
259661000
277463000
257237800
412412038
224623000
259616000
227385000
219001518
415095504
368565000
251447110
258354000
240238000
412202656
412017182
235089665
316001125
367463190
273847700
413001533
244030922
234209000
227593000
431380000
412433347
900018479
412413042
412699230
257225020
416001833
412460861
412476823
412323015
412462394
235011170
412211264
273896200
900414122
412436702
250470000
316269000
235080461
412326341
701000633
219801000
735057638
220461000
227145600
412327554
412419612
412444965
263414640
224016930
258228000
224028250
440821000
412152292
412419146
316001649
412469279
412325676
224136920
412211187
224018260
412323659
900019637
366731480
247049260
257034640
258308000
232004190
367486040
412478386
412416428
273813100
900012626
227320750
412761150
412205443
245502000
412441864
900305237
412596007
725002890
259245000
211516260
251267110
701006092
432321000
412470493
412450008
224049580
257162720
412328588
412325555
412419462
233860000
412441885
412324887
412201749
412415554
250107700
273439560
412433839
366728420
265779000
412205432
245308000
770576047
251587110
440975000
366384000
412324219
900017733
367326000
228192700
701019000
412323141
412881650
224528000
412472092
235001029
205306000
900411866
205236000
231190000
412211732
900300602
412450369
219220000
416003471
412449635
367343270
205284000
900018042
412328273
412200427
211477000
228326000
412433877
725019329
412464957
413000119
431602890
432856000
800016520
412327638
219009907
245794000
227981000
227318610
273310630
412205368
237538000
228260000
367181980
257854500
800018898
412225288
227145900
432370000
259438000
257143740
237222000
900300106
431603220
24254001
257888000
247146270
740336000
900272389
701006168
900415391
900403696
273356020
219002251
412460793
219003103
265349000
251394000
237208000
325277000
412327627
412444922
237699000
701000673
412464175
224075000
412448968
412203198
273811210
247148150
412420343
231045000
900307737
900021672
440773000
412479601
232006310
247151160
412476541
412202655
412412712
224169000
244212000
258216000
263408340
725000291
412443404
900272333
250000594
900412811
224221940
273427000
440003680
412415351
412443333
228207000
412327668
431399000
257160320
247082320
219015362
224168820
412211086
412211668
367002510
257087040
257563600
235039435
412464609
220623000
412462223
244780677
413705379
250117400
226180000
412324629
725000910
237911000
259657000
412324703
259421000
265858000
265768000
245234000
333300744
258371000
219597000
235000952
323103000
246054000
431652000
412349712
412449634
257421500
367098190
600011564
219328000
273825520
635225000
237286000
900305912
412321769
412460593
230987350
412324138
273456310
245364000
245247000
258596000
316005787
810080260
412327474
219007763
415001107
412443207
900021766
412349988
412000088
431798000
259284000
246314000
250000956
412323043
412051340
220242000
412448839
412324133
710080006
258553000
224004000
205246000
900305740
219001673
265462000
228146600
725004520
245100000
412460776
412205695
235096106
412205525
412205457
273423560
701096000
415100117
316002445
701006147
246511000
227533000
412464386
227822000
432708000
900411942
247228800
224128930
257285000
259516000
246057000
900415358
538070487
415602728
701000619
701006427
416000661
412568636
257671500
224094500
413219000
224166160
361001100
431100750
247066180
257233520
440233000
412371031
412449968
247122140
540010800
901380957
261009080
211175900
412421394
412466909
230941050
224094520
228874000
366211560
220076000
800001671
245454000
412071806
701000717
412695660
247120450
901401802
316003449
367185050
444095214
244740354
900302413
900308101
412324961
412211462
900413584
251401000
265485000
227573130
219751000
224020000
413010243
540000610
367408210
725000003
250102900
412470432
244672000
413000783
412420789
246228000
905103356
412422377
261009030
367187830
251786110
273842020
224216220
416121600
431253000
412200447
900012100
333305753
257441500
273526000
701000588
367187410
251439000
331168000
247100490
412470191
412454214
235005130
224142870
412201772
412040993
412210624
412349791
251167110
276451000
251185440
412450814
257012540
224004800
412701698
244070927
245665000
412420813
247122220
219007596
367083630
227137600
224068830
412006052
412205608
412324167
416002198
273830200
413504960
266332000
412433386
120872088
273433400
219005878
725000275
412432412
770576124
431903000
220142000
235065442
257212500
900024651
224073390
432726000
431225000
247146910
412412391
251160110
111202707
261061000
901401232
441085000
224096840
412041721
412025707
440604000
440145030
412464414
273212600
416018800
412419053
230941650
412420792
224004770
231149000
416004248
237801000
224467000
275019000
265629560
412476493
224313420
520217000
900105107
219005937
369604000
245722000
367488280
412435952
219015103
257302720
701000962
263401760
412323559
412450096
368526000
635218000
190701084
900306812
251269000
412448978
412325898
412205408
338137000
412460765
250000764
312060000
412349147
900408518
232007860
412200565
368578000
367408050
412432404
219946000
247042200
900017740
900266098
275239000
245158000
316003447
259640000
412480419
242925000
431682000
701000765
412205618
725009500
440812000
224061430
257015440
257113640
412322999
251019110
701000628
316001025
432411000
258535000
227314180
411235638
224051560
412327647
412205439
875421410
412460795
412327408
367161350
227102900
228229000
316009852
412451067
219001343
219108000
205482090
412205612
227941000
220138000
367157930
224618000
412477951
273339120
227914000
412327416
306031000
419900160
235089955
800019551
266052000
415000362
412326602
412702843
272179000
251255110
901411462
412201437
402012319
250000507
412216525
412400155
412900116
367165250
247152080
440575000
224074890
660000300
412437415
412324136
312616000
244185000
257034940
701000858
245663000
900305656
273449170
244467000
273893400
431838000
257022340
227834000
247113290
412003298
412270092
220032000
900300655
412426068
245922000
259432000
412412399
412201139
412327625
412426658
367089110
367037960
259107000
412437157
263410880
432298000
312216000
219005496
412320025
412211383
413563322
259609000
244815000
219006508
331074000
900300318
412448392
412451346
412217999
412450022
900900516
900900521
259106000
412460737
227143900
251259110
412469238
251046110
412418398
247146970
412432321
224018440
333385756
412323641
600011541
412449242
257496020
273212000
220247000
263402350
556555654
211156000
257107740
227987000
412462298
701000901
900308186
220213000
249000090
412323557
257302620
412323136
413000358
259617000
412328152
273345620
412323532
412464959
412412766
263408380
257511600
413005131
412708539
412324171
224716000
257809500
259207000
366946000
231835000
227589000
235076743
232005610
412419147
367484250
224087530
412413162
273845620
224157780
412700094
412205073
800010714
257110720
257866500
770576116
276787000
273357560
367549650
412464348
412464448
367137170
415001175
412448622
900313350
47121120
235673000
219012302
412444949
224067130
219013192
224295000
412325687
412324078
440662000
228169000
273870500
645246000
246027000
245263000
619002000
246214000
273523400
224372000
900025075
228819000
367359170
219006142
100700597
412323134
190700658
412425354
412443423
431869000
900313110
271072325
224105580
412325538
220398000
263576000
900415345
316002917
503617600
412437223
224210180
227443000
316009383
800017800
432447000
412348888
257191000
219003138
257660500
367355000
366940480
247083560
412470534
247147190
412211706
273458200
250513000
220166000
412324698
412324003
367167410
770576186
251341110
412467981
367324570
412205455
412676780
245390000
800004525
864135240
257577500
412328266
257999209
800025818
244718000
257913000
303457000
412325899
240153000
440312840
412413038
251486110
219014161
224578000
412449655
224051650
412325703
227323170
257186040
412432332
227378000
257152520
412463839
273442400
440894000
440583000
412452396
441404000
412324067
412200481
412324226
273297800
257541600
412432271
273354820
431914000
412205087
227144300
412350049
258078000
228197000
273523300
412412686
412432048
224073580
228115000
224392000
224619000
440055000
257034840
273217700
412300833
251083110
224050530
413703066
251761110
366577000
237889000
412460783
224176380
412019410
366901780
227314040
503659100
219009274
224018460
367371890
273349130
227592000
331325000
432367000
416510000
228376000
725000690
412449023
275162000
800016052
412691770
5708
412461788
440671000
412205572
412477278
902401951
312888000
250108470
249000102
257454420
412461668
205155000
924467387
273897100
412323056
251842670
412432165
800010223
273440690
412413054
259111000
219240000
224049460
701000537
219009415
277354000
412450078
273348330
415000647
412323533
412325858
224138280
412701087
366900170
273212100
258186000
900305631
412320742
219005999
228138000
261004870
412451425
257311940
266180000
820040939
413706733
263584000
900300933
224331000
247054740
224134550
412349653
412320968
273424070
616798000
250350000
224020680
247145060
701000561
247100510
412420436
224046570
416545000
228369000
900411535
250000527
412349792
901401525
244563000
800022040
416004204
412200477
247145020
701000787
273521100
412439743
412325165
257923140
701000844
273848400
432343000
367492890
205303000
224044230
412420339
412442208
227894000
701000878
412324209
431934000
232352000
249328000
257554600
251227000
250000135
900309407
257463500
412476745
227438000
725007600
224062390
247142920
900411633
412082102
432045000
412325171
366468000
412324048
219016004
257190540
701006119
366978110
211626000
701000529
237478000
412431636
412324712
263447000
247147370
701000708
412345687
441770000
412324664
257952500
367528000
303979000
246364000
244305000
271069042
251360110
900900087
900314215
701000681
227344000
273539310
440935000
257750500
412417197
440288000
412460775
228114000
273844020
432558000
412325452
257592500
257325720
900411495
219002881
412413138
601707000
412352925
412348984
412469228
227512000
211318580
228815000
412234555
227853000
412449774
412440155
660003100
227469000
431254000
412353258
412321034
701000932
228338900
204260000
259691000
224067930
412371034
227145200
431453000
246222000
227931000
412349904
412211628
900306986
412324656
900271102
800012832
412462278
412469268
224085260
432374000
273532110
903400011
272645000
228031700
900411877
412098888
224126980
900403215
900306208
412211713
412448726
412425171
412324038
701000899
211104000
412535778
412326599
228174600
413272356
410000888
412448977
412327534
412449953
412203052
228240900
412323994
244567000
412324657
258317500
660002100
257222620
231106000
237517000
441864000
251050110
701018000
538060016
367509670
316006850
244869000
259211000
110701056
273810710
367530940
412478632
412413907
367167180
412462268
367514670
331277000
273811300
258569000
701000918
367448380
257089740
412323682
412055098
820040921
204820000
259855000
220135000
275228000
412349675
235081732
412448846
412449778
412443571
900301328
227395000
412205477
273843610
100700216
259707000
251175000
366480000
412325549
725000269
227109600
412442506
250000917
412806439
412421386
412450223
245224000
246485000
413000725
273316960
701024000
219006111
901401417
367429740
412450648
257154220
900208308
211314990
228101000
412474976
412352818
440628000
211527000
900411591
811021191
261001880
266148000
412323779
412326267
701000612
441038000
412325025
412205512
211216410
412328005
367328720
412478583
247100040
247151010
412433609
227118800
247083860
228198600
412211707
900415220
247052930
245310000
412202765
219011321
271062105
273437550
247080480
412466903
250106580
775618000
273410310
412326277
237468000
432487000
701000842
412899669
232326000
412349377
247147230
416032500
367589000
235008329
900004467
441084000
412479524
412420811
800016322
247110060
412470416
412452918
412418396
266347000
440801000
412210106
257537000
271002463
431704520
725003220
367445510
440777000
800020138
247150040
900300698
257432500
228239900
257576600
273527000
227412000
251557240
440852000
366950140
224727000
366046000
338079516
701075000
263517000
441330000
503142800
224917000
412325535
368293000
367411770
259521000
257102940
246437000
412449587
441298000
451004112
273359510
745000080
231176000
204807000
412324693
251556110
412025219
412476298
316323000
205278000
259623000
412327366
224270000
257303000
259656000
440623000
273421520
250000141
276458000
239383000
412449665
312086000
412468177
220042000
412679180
367453000
800000880
220202000
725000882
659470000
412479523
273248500
441083000
432507000
775000000
412200156
367308320
725000028
273351740
412200576
413480934
247142450
415877688
8072781
412320848
412270073
257498420
760000290
273843700
412206010
273312270
412450045
412431238
228810000
412448636
900412186
510054000
800003410
412324093
244152000
251546000
440071000
230990000
900019254
367116830
770576161
412205499
224103220
257163500
247141200
512161000
740369000
412328373
237441000
412470524
412449311
224294000
412327632
412325298
413123567
246503000
235007420
412464376
538060018
367526070
412502070
412205423
412433577
412207686
901401605
412325426
259648000
412466933
316001451
366183000
412205617
775993050
412211618
412365204
257119940
234406000
224083570
251453000
412448662
412449947
247053120
412442049
412888887
900307707
512000072
257312540
259612000
273242000
440311870
224052000
228264600
412325751
412568966
412010377
257530500
412205741
367011440
261006770
412420493
503057000
228904000
900410441
773000
257198340
263405240
230942350
234921000
367316130
257559600
235093158
412470482
412470532
900380628
412324292
701006385
250001999
412205057
366401480
901403308
225360000
251802110
432408000
441303000
410201111
412348974
224651000
247145250
220339000
412470419
412435435
224181120
412201121
701000804
412324119
263533000
412324139
247302190
412323524
251081110
263822000
431457000
412413057
412349325
412690730
412369179
273249600
224246000
257593600
367037240
257200640
413762897
228149700
266205000
412460681
900305612
800016025
228192800
441114000
259352000
258121000
257076840
900313323
273840320
413766666
273845910
412442015
366908640
412449997
258483000
242974000
251533240
701006026
257165340
250000897
228109000
205277000
257180000
701000691
900403697
412324274
900401555
701000546
224099440
261007120
901401107
412442132
440733000
224192170
247101170
331072000
235006500
412328269
412442383
601705000
273428300
412327533
701000919
412420684
251057000
366845000
228280000
412469299
412451883
412349779
36706320
224307000
412461594
227989000
900010710
338085121
440995000
413693280
900411559
412450079
247142770
413004111
412323849
701000645
412349523
247144430
238778540
412470389
412328591
227313000
257445000
263412960
258098000
412450372
412422195
251219110
250002036
412460762
412202707
412432305
235067469
332251445
224306000
770576065
412327728
250002435
900409903
412328274
220137000
219005921
251230110
701000917
224137550
416004342
900411578
900301201
900314204
412325877
227377000
701000745
246459000
251331110
263577600
251236000
412205453
412478585
245914000
412323698
367301830
576655000
316020225
247142580
251539110
412437296
273565500
725000879
650766201
412324634
412201142
367445050
211430000
659070000
257757500
265536200
259619000
412463785
412442117
900411496
412326024
422524000
412448198
250310000
412324223
412324152
224043560
412323588
235005820
204233000
235033396
367014560
412469224
247146890
247083530
228213000
234023000
251186110
219001549
412469244
367085290
231751000
247121120
412323675
412010052
701000515
740337000
440595000
413061599
257560600
224013090
233717000
272323000
273810800
900309440
701031000
440620000
725009300
227549000
227425000
232006810
900300377
412448873
412449606
412460605
257160600
412251025
412324229
266164000
211271330
725000440
220241000
247122090
900301316
412205571
331209000
258563000
412425128
431494000
247304930
227118900
412441695
412059691
257605500
367116310
413900937
412418387
367312010
412479544
227110400
440046000
247143580
616807000
441565000
258095000
367143710
440683000
900309505
227317040
227831000
900302308
412450003
257529000
219948000
412466905
441811000
900020625
412433638
900313102
316006786
412420788
273219100
273210800
224070000
416820000
312864000
219595000
316007539
412450104
412324645
412327481
224049650
257193220
266322000
273452210
257436500
231091000
273810610
235003424
412460391
257939500
338078447
440715000
900413537
412451312
263406570
416000033
235013021
227570000
725000027
431067000
367085280
245571000
412089768
412211085
903181358
273438500
257140240
261011090
367327310
220012000
412475019
211325290
233345000
239686000
412437033
247143660
413666661
251757110
227580250
412323985
412480451
219000769
412463842
412470422
416197600
900314229
412325502
257153500
251844440
227817000
632202200
244090000
265770000
367004570
900411475
412028238
412449308
701000793
800018334
224105920
369531000
251240110
251321110
224013220
259637000
273842800
235007912
901401577
412211777
900304103
412449169
251163110
412420433
224194470
250429000
412418361
266274000
900008161
413360330
227142900
431723000
901401523
412323556
412206911
228131600
412325461
219006157
251530000
251284110
273840800
250103600
701000927
919919990
900380685
263565000
303647000
257885500
276643000
263582000
412001568
231343000
412442018
227380000
412325471
441051000
366758570
649034000
231216000
273352230
901401557
273359030
257071540
266170000
900306428
412326119
251047110
3060
412462254
412424508
412348837
770576182
412324188
900234527
412450287
227144600
258515000
412413274
366841470
228021800
219762000
220127000
232005890
250101700
367326360
412201382
412413386
263407550
244030722
900272378
412327358
412349632
999999995
224075180
316006724
257301040
244427000
366646910
412666689
247146420
800011197
412411749
412205433
412450072
367394090
412205435
237046000
257143720
367118540
245167000
701000867
266348000
232004700
257165320
701000800
247083940
415000893
258138000
257349820
211234500
412420453
245731000
235012112
900300520
812460774
224187770
412206912
701006139
412324094
259324000
211339490
251149110
701000550
235000743
367033950
900307268
247051860
440216000
273429300
273413910
251180110
273315570
224241000
273846700
257076240
440120530
237399000
251318000
273211900
273421700
257103840
211287590
412419051
412474726
312189000
412203048
412211682
251532000
412449325
412325151
412464584
266186000
224298000
366998350
225318000
246225000
244710983
250000092
224111190
900411431
224009250
440548000
235006880
441182000
265791000
412323168
224063680
258284000
250142400
226247000
366941780
412206877
160000149
412325453
219007641
412210577
224430000
316004981
272204000
415595393
440287000
900411519
412433376
412368456
529469000
412200347
247308090
273431450
251082000
366264360
273445310
725000950
220071000
219443000
273437810
100601120
900307731
224016530
227926000
412211213
261007820
800005081
412665533
273447080
251392000
231189000
316020762
259454000
412001889
412205136
412450004
225384000
441870000
273538800
900020346
316016341
770576113
259258000
250002704
275173000
273352930
367338620
246378000
101000002
412001707
412203331
725002560
412326184
247146590
219007551
900306955
431466000
257582600
412349366
900271268
257116740
412443677
900022212
271062073
412350072
227320540
412450138
701000666
224103750
259308000
412211716
227519000
432791000
412200551
412821058
412205119
367189280
412328245
412099099
316001759
247131080
366860000
701007014
316011441
224137770
725000311
228156900
412324178
224967000
412449032
725001400
412462658
251027110
900401576
413756489
900313401
412205676
412327830
237534000
303428000
259624000
701000578
257445500
412415377
228005600
900330328
900272315
412349571
312622000
701000742
251533110
701000771
257459500
412325926
412432833
250000283
412328794
412327666
412323214
800019446
257115500
412328635
900406864
316002916
224273000
366980490
224076000
412441605
412479591
875421007
412411015
224134120
900301252
273559200
800018069
412200867
220046000
259390000
251744110
275151000
227310000
247147180
219743000
412470548
431116000
412060427
331208000
412200642
800017783
576496000
273431010
412369146
367530000
431787000
273217010
251350110
412349778
273825210
227876000
900301431
273351040
725003110
900413414
247100630
900012629
440810000
421666888
412470487
224459000
412260928
412327673
725000360
231180000
440704000
431251000
740338000
900300501
900301303
227485000
412475971
412432383
900011755
412420254
244102000
205237000
901401236
275062000
367098030
412586586
412348883
273555000
440847000
257739500
351347000
431797000
412469828
901401702
247083550
900412828
367347140
412433379
227146600
412326384
412449725
245436000
247053620
228165600
412326033
251433000
228302900
412323986
412310776
228176700
205191000
220303000
412464184
412468242
366298000
312498000
235003355
250261000
228387000
412324853
257012900
257096140
266011000
701068000
412327811
412462621
273354540
316001401
763500000
412470012
412353151
251386110
900309231
412443315
412468198
228929000
412327417
412449767
250493000
412448926
224103760
440871000
211337920
366999422
412472247
431490000
265804000
273416010
251544000
412888886
245456000
232004846
432738000
412460669
412413824
225917890
412462657
204211000
257483220
412439742
440820000
412323776
227317810
247152020
367556140
432575000
412424482
224181290
224897000
431038000
228216000
900016404
257168240
272329000
250102800
219754000
244179000
235118000
412477358
431725000
250105700
412450435
366886330
232006270
245074000
245899000
431379000
367125630
412325966
412413394
273524100
250000466
246112000
412460636
413239919
257002830
261014220
247146120
900305917
770576134
412470558
664002000
412324684
224010590
273533800
205333000
412431190
259136720
245276000
272364000
224567000
412211327
412450043
412211058
412348979
258084000
244932000
412464573
412881681
242045000
224227000
875437009
412321495
367445470
456452077
412883317
211214990
412440037
412326331
412205528
440517000
250002664
412205867
412327971
412460583
412322492
224680000
228349700
256000552
258261000
258503000
231038000
257416420
701000648
251779110
227312140
226010000
412323784
257580500
412324203
412324202
257095640
412324705
259620000
211815000
412479071
219838000
224252000
431329000
616999035
412200598
900411477
657544000
412323102
412441545
220043000
412470375
368608000
227110600
257345120
247143370
901401219
227141600
412451769
412326485
412476567
665111119
227321170
412448896
224185240
227312000
316002160
366208000
316007587
5004
235014666
412449001
413001102
412431407
247144240
257017240
366954510
251298110
257235600
257589600
412325022
413913913
412432388
231115000
412461605
441734000
900403310
245264000
224178000
367124290
900411887
237697000
224069960
412325762
701100000
224959540
701000650
366888160
244188000
235014687
432475000
900300713
413020047
231107000
228332000
235000676
660002300
273457300
412323672
265708000
740372000
412410023
412325726
257009000
775616000
257129520
277244000
251123000
412460753
251036110
431047000
367497340
259269000
273448380
273551400
273421900
312014000
701000591
412325965
412452954
412477295
367545050
900006119
701000506
412428170
204838000
247148210
412460592
412460758
900010042
412450789
257196240
228117000
244730183
367033060
366425240
901401607
251495110
412420796
412205589
211555000
900301359
412451566
247081940
412324716
367024080
412464785
367173750
273896000
227604870
412472352
247081930
257254920
412327393
245084000
412462671
231081000
259475000
230627000
412420253
227300000
441309000
412472335
224337890
412349108
257298820
412327361
219007862
412464295
412470376
232006130
257034440
412460786
412080817
900012260
416002492
900306301
412350005
316005771
412327494
228111000
412111223
412205106
900413176
245333000
251029000
251030110
412464222
412325639
244345000
412695580
228110800
372880000
224259000
412323689
219012897
800028027
257018040
413440610
219959000
244010067
412418418
224114750
412211263
227855000
227409000
412422366
366820000
257200220
273891300
273453080
412324052
366738920
412441943
900401208
412323031
900314328
432364000
227901000
553456789
211272400
251145110
261004830
224019630
251425110
412464294
901401508
412470429
412323137
900301317
412323837
900401548
265678430
219853000
413705752
273356070
224196160
900021755
273431300
338132722
900016503
250240000
413503690
701000794
257608500
412410015
412469306
412449772
235089129
247082290
412449043
412281618
412449201
331142000
219922000
412211608
413705850
224123730
701000639
412211241
412260857
412460781
412324194
228135000
412441692
770576183
190701081
412211204
224098250
540010900
900218392
244377000
231046000
368272000
412443383
247253540
900404436
316018751
800019488
224075190
412211729
900314358
257476500
205291000
316303000
415001104
228218800
211282560
901401838
277330000
900017414
257247000
219106000
224137880
900303228
412819071
412200526
412205403
412324643
412470426
273812100
251135110
412441447
900415357
316319000
224192250
412420794
228301600
412433812
257770500
441812000
368566000
412480405
211386440
900305913
725002300
235003330
901401551
224010000
701006046
227481000
412476462
228113000
900314288
227903000
224056130
250001656
228134700
259178000
412449662
412061659
900301369
412463898
247145910
412443334
273817400
266174000
271072427
273297700
412433107
412001436
701000615
905181788
259461000
440503000
247101120
412804041
273817070
303346000
512000015
416003756
224089290
349052425
440111111
412205045
412438126
273417010
412433777
412324216
367166260
257741500
233659000
251367110
412445202
412480433
416233600
901402102
205059000
273297500
800000753
273437080
412442445
250512000
258348000
900000868
440934000
413705769
250090000
227439000
247142880
412411005
533333009
735059088
800016337
440954000
412327449
227943000
412323569
440122430
367402670
219022000
538060008
413705669
261006110
412211689
251339110
367444760
900411242
412450053
412588968
228130000
245352000
258353000
273213100
366218620
412349522
412055008
412202462
412111098
810040405
412461756
770576118
257475120
345070272
412325345
512000122
999902007
412325166
316003246
412000218
220362000
259450000
219633000
701000735
261004860
259115000
412325788
412477748
701041000
701000947
412325996
211315870
219015534
412424706
412311113
412352842
367392530
412418415
431856000
259158000
245836000
259565000
235025319
247147310
413703115
237509000
63405240
368380000
413522033
810080160
205262000
265756000
228190600
366993150
900300820
237526000
431000580
412464266
275141000
412205445
412054398
244650714
412441013
900413101
266147000
412035331
800000041
416237800
238771340
227930000
366222630
412410823
440986000
412470387
338096421
247120470
413984132
700000151
900411302
412324126
231166000
412322823
266154000
257263000
219004128
224906170
432468000
227536000
412412812
412444863
224132570
910060748
245161000
263442000
366926550
271072436
800016082
275416000
258154000
219001842
251504110
258334000
412327708
224222430
331165000
224380000
273899500
412469535
412418983
273338720
227302000
251789110
431768000
412690350
247141730
367119230
412432038
412328256
412450359
227531000
228293900
257507500
273848210
257501500
556677211
219218000
412464315
273826010
412691230
224106940
227867000
540000240
900401916
412349673
246427000
412441889
725000800
259937000
760000370
412327795
431025000
257483500
412461595
257101030
244572000
367363350
211545000
228827000
273847400
412327507
412349344
273895200
412450366
412448905
412325922
273340330
246136000
412479338
901401547
273853000
412324839
412449779
263540000
211272580
257563500
251080110
251468000
312191000
412472223
900018673
412325589
257155000
441853000
367330860
412327633
412325723
412324191
224491000
412411037
235398000
701000876
432549100
273332330
219060000
900403312
900307186
412464249
366761830
529413000
432306000
247146760
412450457
412327711
412002188
226254000
258120000
273529300
412420252
800807465
227312050
518449000
412326329
412323984
812012345
412349338
219002956
316004333
251376110
258081000
416003854
303426100
228236600
412412725
367375620
273211700
432621000
316002350
413361770
250104700
259457000
273810080
368609000
366743980
257576500
412325868
237802000
247081690
412349365
412205616
273876000
244043520
412324688
412325052
369970417
412420329
412325364
247064760
338060001
413703049
219013485
412466901
316001017
701000895
412441365
412324614
219005786
441047000
800000052
725004500
273841710
412448892
224906180
412412727
273415200
440751000
412442242
412325488
259225000
412325876
228974000
273431440
412202573
228926000
367463820
412448786
412205108
219001125
245710000
440927000
242135100
431700970
259272000
247151690
431700210
412200478
227317120
412349378
540010700
800011217
331000149
367490000
412327242
412464576
412444688
234937000
412324196
220278000
227319580
367081420
431121000
412819126
412323166
250137450
220063000
735057565
257086940
220321000
900308106
800003599
273218500
725004270
412327565
257462500
701006391
367084860
338140000
412451374
244779000
261020840
900308128
273213010
224012280
250103800
432405000
227729980
900300518
412701043
412324173
412325242
273439980
412369034
251596110
257053240
701000631
412207023
205327000
900307703
190701095
412449983
235004750
413900551
367170270
224017000
367601000
576363000
412323664
927501126
247083630
224006570
257313240
412412115
431935000
412448889
701006042
224049630
251536000
440570000
228954000
900308201
412884139
800011814
219553000
235001050
412440038
251021110
227321890
273447930
273840710
235004110
232007140
237506000
900411607
412819027
900217178
412327477
412433785
412437161
422120515
350108000
224871000
900305886
412327879
556555655
203235000
228975000
901412833
224116380
900306242
412327698
412410255
273216200
366916740
245567000
251224110
225353000
258382000
250002504
431873000
227423000
227322420
273347730
412412392
228239000
413007733
412202763
224091680
259478000
231156000
412464269
271062106
900300308
412448741
247144650
412411235
800014523
219650000
204814000
228267900
224264980
227550000
227945000
228235000
412583698
224254000
204209840
273819100
263236000
905116666
235002500
247145660
273441490
412324131
273421600
261004340
273898610
257044840
316003110
412431662
219689000
273290400
412328246
224120840
412449039
244684000
412324704
366231180
413000356
237334000
412413266
412004696
90031310
227106100
412325475
246014000
272208000
235060277
412698490
412433663
725000410
211267780
367166270
412203530
224056170
410986986
440123290
271062099
900414279
350107000
412476753
412700707
412461707
412325515
224139180
412001073
257219020
900309203
900409225
412349074
412310771
211519000
412325768
412326206
875421082
412448893
271056056
245991000
258303000
431482000
900309226
224017460
227880000
413700858
440936000
367127120
257125820
900900352
900303125
257067040
219011336
412325556
251335110
412424585
412321571
701000757
900307719
227472000
412321533
227811000
257357120
367512610
413705592
770576064
244381000
412327707
265630900
211332630
247149980
227436000
412448703
412324166
412055078
412205613
412327412
257543500
224004680
366734650
900308105
257183500
224164540
247081060
412460802
265678750
412464326
245572000
901401222
900020237
800018076
412424701
273554600
219002726
412461638
235059791
237698000
224288000
228336000
237535000
900300266
224113270
701066000
231306000
412205569
224609000
224099940
273878100
273430790
412205552
412324041
259281000
224052370
412321807
257101900
303429000
740382000
701000687
228004700
412450340
228301700
235008690
257145220
412324743
412420814
412324029
820040971
900025756
251429110
251602110
235001650
231073000
735057564
412464237
224042440
257068740
263432000
412433348
251836240
273526300
416004409
227513000
412210465
247102240
412202771
616999237
412470559
926040058
247144230
227561000
224004930
369999000
211640000
219330000
231110000
412325496
900403708
416004411
701037000
800017427
259383000
273899300
251537110
412880788
412449709
219004472
228238900
441561000
413005129
331117000
224041240
905018502
412450155
820040925
412136150
412327354
257024900
412205409
331273000
412450218
412210055
224079440
900304157
273527500
416002813
413705689
219941000
273459510
999863022
251251110
251143110
412450041
412324211
412323835
413301150
46135000
250136400
412475394
235088014
900307712
367338850
900413152
338104000
219001976
251070110
244644000
224095140
412412699
900313327
576262000
247083210
413819461
800017811
261004850
412327493
259647000
247147160
247096450
412819123
800000861
227420000
367186180
412469561
903400025
412450015
431511000
257834500
367310440
440574000
227823000
224335000
412325908
247305540
227310150
412410609
273359630
250002465
412327618
410001101
431100940
412449671
219006918
231140000
412418997
251038000
272691000
412349398
219002409
440616000
412439927
412451375
412418378
250002378
412413704
333304588
412005819
227311010
412413164
412324186
238880340
901238933
220081000
257099900
412451046
412349041
900000605
316007244
251203000
273259100
900305646
900413173
412464582
273213300
261004380
227500000
257435500
273510600
367034040
235010670
224156000
273829810
245856000
219002504
211501000
266352000
412419239
250001093
227116100
367079220
441072000
901402121
412442124
800016237
725000307
247083420
440641000
257147920
259285000
440125010
275124000
250002574
440958000
250000199
800007030
227316290
900303128
273846020
412420582
219424000
368313000
440818000
263555000
412413052
250438000
412326129
412433461
228111700
800013615
412411239
412324649
228935000
800000068
205149000
259127000
900314222
412464622
226147000
412449741
257074640
413720488
273829110
512000113
412464602
273242100
244740834
412448907
224033360
701006093
224033380
338077247
440239000
247075010
412349113
273873400
367122850
367166250
257045240
368158000
244710192
412477026
366804620
224047360
900410468
412449618
257104240
412323617
800010143
244446000
273430630
412370241
259675000
412324222
900411529
412203660
227114300
224005790
228242800
701000808
412444915
240426000
273292400
775993020
258036000
231167000
999000011
441680000
227320020
800017801
5918
412040836
431154000
412325528
440295000
250001166
412270074
273412090
701000860
412478052
338129308
259256000
431424000
237294000
257488500
412325648
900412238
412324089
412000306
228356600
259574000
220616000
366047000
412443011
412470569
412321908
900403671
412469986
412324109
410005558
412286888
412472055
412325431
412320404
412205438
413202930
276544000
412448806
250000565
258526000
219007313
257538600
251092000
190700702
232006820
725000850
273856100
219002023
901401217
900417328
900261009
900313187
441007000
412451317
412433763
224136880
237456000
219006655
219004275
701006138
412333665
412443022
263202000
412433378
412323159
431000650
228165700
273849210
416004246
251793240
701000729
701000875
412301313
412451571
273565410
999000012
361000100
412352686
412460634
432453000
900413546
412433398
412448821
900308202
368032000
231307000
265502370
251257110
224111750
259893000
275099000
441050000
247144110
247308420
431053000
250002264
257282700
412211681
412323135
900303108
412475771
412449423
412324678
412324701
273359310
367321210
412444925
701000649
412439908
412075290
440153170
259195000
725001250
412325988
800010783
305925000
273525900
316003349
520243000
440761000
412211266
227909000
412326595
233651000
412326034
228393000
725000288
412000072
412327406
226183000
258306000
266065000
231042000
440707000
273442420
228857000
416217800
412321946
224001000
224012660
412071037
224132000
440108000
211227510
224256000
250001491
440151080
224205420
273211800
247082560
412327359
257057440
412327373
257117700
273449620
256384000
901401528
234013000
257071340
273550400
900411257
273345230
275412000
412001154
412325745
701033000
412350027
366927000
224088740
366408250
250002427
257099140
412450323
412449388
412207122
273240030
258290000
441584000
367170350
902960598
412060417
412326151
412349401
412432117
257157240
412444952
412327371
412008024
245655000
259489000
412323058
250001702
227474000
224452000
257135500
219011325
272384000
900305306
412412676
412326149
219006092
412420585
900313206
257250000
412417388
900303122
224369000
864110009
412325187
412324008
251482000
701007039
259309000
220345000
250000958
412327482
219002415
227967000
366824000
224926000
412443221
412325451
247142860
740333000
220072000
412327881
900303137
367019320
431331000
259282000
413636363
224052380
257017440
259660000
204206760
246250000
701000583
412413079
227308000
412323814
263434000
224185250
901401807
412324628
635000300
211106000
412413175
227984000
412420584
227360000
701006145
257579600
273848120
250104900
211518140
701000667
412464443
259474000
431932000
316001887
412327688
900412838
233973000
367026930
367299090
250000096
244013000
273828800
412437549
244646000
900308177
273827320
431769000
246426000
512085000
251265110
701000509
412201751
431002191
412349663
219343000
367395250
224089000
701007021
431525000
412326137
347002400
412470373
220099000
412211609
875401258
257011740
457715000
412061977
224775000
412433387
901413488
247101330
412202706
701000755
900403217
740349000
219005502
273890710
412676789
273552400
412328094
224099450
412323601
263516000
367346750
240338000
228364000
224820000
235011340
431171000
432261000
412324047
227554000
412205411
266066000
366988820
247144760
900300001
250000433
701000879
247131580
211551000
412205558
219005216
257303040
257552600
266246000
235065495
627006000
412210426
412205436
441767000
412365076
231605000
367452850
412436854
412589641
224133790
412469117
250001269
701000834
246492000
224464000
303533000
228212700
440590000
701006048
224185000
331093000
412325544
237516000
412464702
237370000
412205579
219004633
219009334
257071440
220628000
412321906
441066000
273848610
227106400
273359400
412324729
412001577
227590000
412420793
910060358
227107100
245744000
244780165
875421167
416001900
412420248
251044110
710080014
412460717
900272317
412324204
412324162
413563786
211159000
220544000
412450193
412464234
224308000
412205472
257006900
900303102
211161000
251013000
273450760
235093015
367347000
412328786
227833000
413555033
412410201
812000012
412464317
227317410
412325698
412480282
412449161
412472107
368466000
412418651
235083426
412422292
227414000
219904000
247083540
219009171
258052000
412449149
273420660
219007432
316001412
367061930
900017916
412411543
251065110
412418368
441699000
224378450
441062000
273828110
900415377
412270097
250000264
900023665
412469212
412464286
900411893
412324021
800021117
263410940
412325815
412205693
910061605
273332830
224100180
412006410
263500286
412432398
412324696
667342000
273296500
219125000
250000557
227144900
902401534
251301110
232005460
412321965
412327667
412899229
230996190
205239000
701000511
927501110
412323061
205241000
412464585
261003310
367302760
275407000
412320824
412460566
412324092
228843000
412450672
412441015
251215110
211495000
251254000
725000332
367143770
257589500
412324646
413885239
257101640
250001767
367530460
257163320
413702777
273420560
431938000
440890000
412364121
701000627
710080007
273290700
412324121
261004050
367127080
227142300
432410000
246557000
251026000
532201296
431683000
224188000
503362900
412449377
412324049
259391000
412460561
219013885
251370110
412443316
412035376
412486008
251184640
412328511
412449832
303636000
412349329
25852310
800017813
219005659
259023000
432226000
900415257
240099000
247085830
251216110
257229000
259595000
440281000
224571000
228019600
257489500
251419110
413703118
250494000
273351680
273853400
273438070
250000399
366929780
251015000
273847500
812041339
211400000
227317970
227312180
220249000
247131800
224000220
900306815
900021269
204243000
251055000
412325862
701000840
760000840
273827800
412327363
250000165
413705692
412327972
247067610
412433504
432503000
224022910
412324084
416755000
224020980
412418422
211243240
263407470
247151980
271072970
412448874
250186000
367320870
246075000
245530000
244355000
244108000
412464323
273354130
224267000
224130870
412327501
251218240
266069000
225436000
224081430
224712000
900303106
412783212
441413000
431702230
412205125
273529800
257023540
205321000
366969620
244245000
245598000
273351500
412418416
900411592
41201065
900238587
259995000
412325646
227145300
224040260
257025440
367479000
412432348
224097970
259655000
240324000
237144000
725000146
250103700
431817000
412006668
600006306
224052350
367490280
701000949
244650000
251480110
273424870
800003783
412324079
219005616
431469000
220024000
231154000
259697000
276381000
224147740
227561540
366431000
412435651
100700106
412327405
412323683
701000623
251364110
220088000
412460614
412321185
440444000
247158700
251552340
257574600
273435790
303667000
413005135
251809110
412325822
412432322
275136000
224087790
875421150
412865968
412205515
219014192
257195620
273258100
440755000
228141800
412462635
331426000
250269000
251140110
800017794
246238000
412444883
412470371
412000763
246021000
900307745
998733092
412422354
412482774
900411889
247145030
224261000
412328247
616927000
412470485
412451823
412203681
900314113
412324004
228189600
412081186
259447000
219439000
219837000
900415328
412451729
412205413
259635000
228231600
412448999
266160000
900219122
231833000
259562000
701006149
224010730
412476668
431853000
900305325
224233000
224063940
224083590
412897998
224136470
412420809
110765546
255501000
900413158
431100850
701007043
246176000
800001403
257802500
432706000
312506000
227137400
412432369
227372000
266099000
220315000
900301358
412464637
725000570
224290000
227913000
251841270
412009741
224098420
228316000
257871500
259607000
412323995
412311114
412460736
219007944
231159000
266666000
251177110
412464411
412462224
412333898
273452330
412668588
412690360
211319400
245282000
235068506
224024480
251391000
800000901
900403331
257654500
273819510
273527900
366866750
412324708
257175620
412417047
316001828
234167000
219697000
259263000
227119200
224131530
440980000
412413278
367494840
224626000
226267000
219007479
244077000
231051000
701000626
224002820
247086570
412201131
412768699
412452303
412412795
412349676
211648000
265606270
900060669
258368000
412387011
701006132
412110383
411128888
412200083
412324625
257269420
232007030
412324115
228218000
224056190
219010487
900008301
246204000
245293000
258547000
412470113
204212000
224377000
367489990
412323731
412413385
413001319
412460713
412470571
412448677
412433811
900408401
219441000
259293820
251025110
412205562
412211087
413705698
275064000
412419654
244798000
900308108
412420288
205275000
412326299
224100920
247146010
306783000
234052000
251159110
701007040
259290000
228242700
412326364
800022544
224005540
412205209
224074650
231181000
412447632
413661555
412419771
228231800
258397000
233714000
367658000
247083070
333331458
244763000
227588000
224460000
412422171
257453500
273214110
228240600
412462654
440950000
227988000
412460689
413051588
259659000
410000002
251212110
240096000
251760110
366773410
250000967
701094000
273415090
900415317
412326039
412300274
416521000
219005968
900306222
237430000
413250105
211339220
257119340
228004600
259465000
273898100
725000680
341136000
900267038
251595110
701000651
273291500
725011900
259683000
273811080
227337000
412201581
412433733
247144150
219007589
820040957
228224000
257459520
900301216
600004531
36764000
900415384
529004000
228124000
273815910
412441749
503671200
367426420
205197000
701006043
257120500
224096770
412365316
412325933
366946980
412413842
273841800
412211615
900014235
259113000
412324023
412472062
219007235
412462283
235007860
412330250
273426900
440895000
440152650
263407280
998520052
412015787
900313411
250036000
660001500
440987000
412448702
412328277
257341220
412324674
367428110
800025965
205311000
412463856
412477637
412326697
412324192
701000549
273217000
725000580
234908000
228394000
277249000
415080139
251373110
273828600
412324611
412327372
412401010
258376000
201200318
441666000
273246800
251011000
257185420
367109860
900305878
233450000
227136700
900228758
338162000
273899200
257303240
412706440
257823500
224153130
412412653
412469768
224050570
261001200
261003530
316001452
412200641
224059860
257607500
257396000
219168000
250370000
219005662
247051410
900411552
412201176
273816200
367085340
900272332
412202778
228240700
228949000
237149000
237482000
241091000
800004323
227327000
265483000
245336000
900313146
266101000
258545000
412420812
431750000
250000854
247071030
259536000
900407108
237958000
413702970
211492000
245159000
441098000
903400001
901401552
412464992
250000309
259627000
228337000
412979978
224086780
342578970
227347000
246833000
251784110
232008020
247151280
235826000
412442024
412324717
412200507
412349782
273517500
900000678
273292700
251220110
263406940
412413262
228112700
900302215
800003774
219009389
230941710
367028780
412205126
273849000
800003782
701000599
224929000
412325727
412324158
412211658
275098000
244250000
412461557
412418366
412450888
251014000
431395000
412449716
227808000
257234000
412325029
431700260
412324122
412211382
366173000
273821000
412420455
219011032
257567600
273350410
900300168
271072444
227317550
412055092
412211728
412203349
367402920
219002661
228380000
228222900
258194000
224071740
412449849
412460739
412325533
257056040
412323181
770576114
259132000
367544060
440765000
273895300
412325861
237487000
412201521
367059420
235000340
412325211
412349641
273845700
228370000
244031000
273825700
701000865
250001954
412412722
247083890
228297900
244854000
250001121
224558000
440916000
273810300
412211637
219386000
412205371
512189000
257149000
219005902
244929000
235074776
224013710
440280000
257089000
219921000
412432978
412433307
273513800
257184340
247100110
237475000
441644000
251347110
227577000
168162803
415004111
701000632
250000097
529414000
412442059
412349918
224152340
400010029
412205541
413706484
263507000
412033161
219004242
740377000
701006135
235013957
224029830
412205566
412449879
412441861
258183000
412324163
367008260
412480522
250000387
273897300
412325246
220118000
251600110
316003587
412703148
412001152
701006059
412425346
219005719
219007036
416030500
246464000
470442000
412470582
263408000
369515000
247146140
367018680
259485000
259689000
273350850
900007950
224134990
235054161
412323798
367359220
259154000
273355560
224073630
257160020
412464059
251043110
257888500
245106000
273892610
900020354
251152110
412441094
228323000
250000329
412411216
900007188
247122020
224411380
224086790
412328237
440822000
251287110
412433114
412325903
228208700
856106132
800021863
412205623
412474698
412324182
416000749
271072378
219001201
412323074
247121020
224268000
412325525
367406910
257046940
259268000
412324963
725000219
232003258
900004752
440492000
412321159
412205131
413027027
257128920
235005100
900411587
412462129
219016764
412323561
900309210
412424696
660000500
660000200
412205473
412325245
257214520
266150000
273240700
251745000
277336000
412325701
900002675
900380109
617073000
412323161
412443416
412441655
412324615
259103000
412464416
367415880
258067000
367301340
247125380
227142100
257599500
412356555
701000935
440944000
251182110
250001769
250002464
900411031
440089000
224556000
412419016
657659000
412456890
251368110
257436720
412469461
257578600
338185000
413887799
367774000
261497000
412323072
205282000
273432500
903100165
228211700
227413000
257587500
412819073
900415520
273815900
415001032
273350610
440808000
900301307
316005100
900302258
412469222
412450459
228374000
367487020
412205586
415001118
412205156
901401559
257567500
220351000
701000512
211319670
246489000
219008474
211182000
228288000
247151990
251519000
412200479
888899999
412324128
412765836
224303000
246107000
412444873
259511000
412449358
740353000
367416270
440100000
251136110
412411047
900305914
227318540
900404805
224218930
412324077
701045000
228850000
548126364
701000850
237155000
701000689
266173000
251032110
220307000
224896000
368572000
228173800
224047430
412480336
247142790
412370148
412324134
412324212
725005800
257548600
341149000
251048110
701000786
412666633
316011910
257000910
240242000
701006080
235215000
265588470
366764080
232006380
246189000
231101000
230036690
227138700
412470405
900305902
412281638
900308144
219013005
338351000
303648000
538060017
273516500
228925000
412443891
800013605
257137420
412480513
230038640
366116000
251018000
273425630
261488000
432850000
412705622
273295700
412462656
412436576
412431724
226179000
235000270
412412057
247120390
204835000
412413155
226240000
251226000
233397000
412326327
227109900
725000285
431693000
901401549
412999921
412449386
412449985
412322458
259586000
367171990
261007860
219009961
701000686
273216110
440528000
258559000
412353029
412325613
800021061
273213500
416238800
412352837
440549000
412324381
227143700
250126460
224093750
271062000
412323674
250000868
257128000
251427000
412201233
412324886
412325664
273824810
338110345
237876000
237206000
366947890
440933000
219859000
367192880
412464314
215000460
441251000
412205002
412448859
220109000
412426039
227320710
316002500
224732000
273840910
257180700
251782110
211315630
227146300
263407860
441374000
412462315
251039110
226006690
247147290
900415381
412324655
257026440
412323993
412000827
366299000
368446000
412477203
259666000
235006830
412476716
412410008
412324107
412472106
412612099
701006144
224132670
412325537
432438000
412006402
263427750
257189020
266076000
725000140
412440046
431722000
412321909
224033000
412325705
900413544
244260000
257801500
441081000
412349368
259102000
228021600
715309184
312509000
273297100
224106260
725000029
900411828
412470586
412479334
366705860
257066540
412470427
412205456
412325683
432586000
412475035
431155000
412419719
263427000
235004390
701000929
415001119
258380500
247121370
900402127
273880100
412477624
900412825
227117600
900305577
367177980
367124070
440919000
211317290
440780000
247054210
224041980
412700149
902000003
224051160
657658000
902901187
701000772
412205573
412820259
220073000
258314000
440640000
235063397
227123700
247156780
431795000
701000835
224701000
224488000
338626000
367165240
316021225
245946000
316003768
211544000
412881088
900307533
273812400
412350066
273445430
701006133
244012000
367442160
900412808
412349163
901402118
273567010
247082520
263509000
228168600
367041530
900413102
227814000
257522600
891201526
224045480
219004596
412324721
224225320
257164700
701054000
257089640
316023452
412419091
251467110
701027000
211586000
316005448
273240600
247121730
247145720
316067000
800001160
247144910
219793000
367151530
257202940
413004775
228378000
247142940
901401303
247071050
412702868
413324344
412352817
273847900
219006835
251422110
70100726
316019447
237396000
900411924
412325404
660004300
219005832
366721880
900411938
219446000
412444762
735058912
412448787
412212526
800019257
227553000
412035172
412203322
367191080
366894320
219010793
367435470
800019483
244540000
244205000
251276110
235051671
275058000
273825010
900307808
227489000
266169000
900367803
266062000
367354000
257865500
273421300
251412440
412789899
224594000
412448734
701000852
257572500
257583600
257508600
441412000
338526000
205322000
412379270
250001333
901401601
440313960
901401524
271062080
227883000
412477833
900900366
900219206
412409320
244032000
259200090
273341320
247121260
701000928
440315710
228003600
258185000
230983690
245928000
432346000
220064000
900270022
273826220
366819310
412701068
416639000
412326879
412325519
412201758
273424250
701000663
900411868
225382000
228018700
263569000
257422420
412568659
277346000
412324189
377191000
412450119
228221900
366542920
431447000
412460768
900403579
412445094
412324105
412470378
412205117
219005583
368555000
900305915
211279120
275086000
257458720
431925000
412205615
250000884
224011990
412464417
250292000
368454000
412425154
412450957
413123455
412349784
257584600
257333420
800004580
367149760
316006199
412420795
275131000
412325609
259208000
273844910
204225000
900900506
228248700
412448661
412325694
273429220
431135000
412324098
224060680
273844800
235028768
412480715
440770000
412464429
412418417
900301251
227595000
725000193
412012877
412695630
224438000
412804307
412326377
412447533
412433108
900411627
730051000
273450230
366899520
219005941
244228000
273613100
412701178
230993160
412365504
412432365
257058340
234203000
412449213
431704230
228206600
266112000
100712130
245071000
258057000
272007500
247300220
219001684
440652000
368038000
211520710
412469271
441053000
224049530
412412975
412673210
247144260
412200897
933200022
211410690
259118000
412201187
412349736
258139000
367357390
205192000
257415920
432353000
900301323
440670000
237805000
224134520
900301409
219011766
412320010
259566000
211298640
259845000
271073853
412010732
412323983
224016230
219011018
367088940
219002757
235066405
412480521
224168000
312027000
261010250
412202766
247145510
900115355
412413884
412452164
412400154
412413082
412321483
432753000
701006445
900309429
412327645
412324148
412324218
316003527
735059089
239845000
412324172
412688158
220295000
412450021
412425075
227318380
412450031
259122000
800004505
412324154
412474861
247081860
265681420
227128800
412555688
412325812
231364000
412008315
412705332
412461797
316003779
265722000
412436623
228312000
246226000
415033333
412460792
412325503
366864000
412324502
412472061
412439745
257092640
261006860
413267888
257018000
244038000
440122870
900008389
412419677
412470428
412324016
273874000
440793000
900415417
412352872
366748340
412443319
219005867
412672290
247100520
224004950
900412236
258015500
245703000
257098140
265608620
901401239
257166400
244592000
367094420
412325842
412439587
235077317
263402890
257110120
901403318
244221000
312488000
271628000
247084610
211105000
247139500
273455340
412324838
412327446
251520640
191283710
220283000
412470551
258519510
900411682
701000646
412447287
412008286
412445086
412327687
110700964
224355000
412442066
412325882
431679000
224170000
740356000
412464399
240430000
263234000
556555656
265588050
367408970
258498000
257754500
275107000
412419055
431753000
227442000
263446000
412324168
224093330
220352000
368217000
246033000
273319630
441018000
412211813
412449572
440542000
412448708
725000696
412324159
820040977
800007017
257606600
228134800
366297000
228131000
230002550
224050560
247050790
224052970
412201136
412205421
412205493
432322000
431614000
725000312
900019689
257409500
265803000
231112000
412476987
431206000
316100000
901401558
257044320
412324228
211215500
226105000
251323110
251156000
415602782
251280110
247146640
250105800
224081180
219004307
412001111
400205406
412435181
412703159
257069540
219010989
412200023
441483000
412325859
228224800
258410000
412464085
227575000
211232850
900305717
219008396
367717000
219014851
220343000
257125600
271062055
244470000
367382540
421447041
412349732
725001900
412205706
725000192
901301308
237536000
701006034
412205407
900018910
263450000
900020314
228167000
219139000
219065000
219008145
338070551
273430750
875411089
224011550
412414579
226158000
412470421
900307307
367100930
440646000
412412779
412324051
412425361
529415000
273828310
412324009
412324213
273824700
701000743
701000884
257565600
245753000
412900356
441014000
412443276
263235000
413703046
224052340
224162930
227383000
255402650
273312460
412418359
251438110
220334000
225904730
235003080
228133000
228120000
412449413
219005901
273895000
244286000
219257000
244750339
367124090
900010022
412555888
412420239
237127000
412325512
247120480
258030000
412323167
412327397
261011540
266057000
440130140
412326272
273814510
246338000
266048000
218363000
211292280
412478584
273561700
371224000
263564000
901248775
233975000
247144390
432878000
219001587
416003822
219006916
219001149
366993790
520218000
224142000
900306918
412325665
900300802
800001648
812460551
800014997
368213000
701000892
412439933
220359000
245252000
245305000
211800000
273829310
224082460
412213531
440502000
251452000
259651000
367397090
412326252
371789000
235000407
263418780
228208800
219340000
227563000
247083320
251035000
412420785
224081130
901401908
412324155
258307000
412327368
247147320
224052460
900411919
257139120
220336000
431927000
257541790
701000702
415001186
441024000
228028900
412482776
224302000
740335000
412324169
316005667
412439571
228324000
431812000
235674000
413001186
247071060
900413137
247121440
412420432
800016039
412349021
413005127
211191330
246516000
237418000
412431332
412411146
228205800
412325477
412436831
810060055
367086760
420011420
701000553
219651000
232006500
244801000
205243000
244650652
219004161
224073460
271072094
412461702
250000511
257172740
227479000
247076620
225378000
412413072
412460799
219944000
367185190
412462619
245265000
257003200
412448723
412211688
258516910
412325473
244959000
224004870
316001453
237618000
224069130
258265000
725000450
258568010
412678040
412477511
412422279
316111000
273457250
257842500
227873000
259563000
412211651
227118700
412703171
219001522
246005000
257103140
224690000
412476388
412005745
316005190
875408958
901402207
237919000
412327385
266161000
367538000
412417262
275129000
412418377
412462086
600001500
412205422
412433459
412478698
227315560
239683000
412450795
412327422
257135220
265781000
412464618
800008784
227389000
220453000
244770002
412202767
412324197
800010375
257058040
367432750
246183000
303686000
440706000
701000531
412325365
224125140
412436797
251734110
412205137
257531600
770576176
432443000
240150000
32126816
432426000
800017799
412702681
900408506
900302428
440811000
367131260
412370186
412442387
412470546
247084310
227146400
219796000
250106800
431720000
412211652
250001151
412324183
224841000
412211587
367330610
219007577
219002955
251179000
412695640
224067670
412322997
224030940
275200000
251086000
219005906
263408670
412448644
412201755
232006590
273849520
412234113
413001989
259537000
412437638
412442056
227301110
900017301
235087406
412325013
259449000
244750140
701006056
701000916
412324916
235076636
413816324
412325982
273450930
412462273
224101940
412370173
412349635
244426000
412432366
412441915
41200003
228172000
412323692
412413389
412324033
224506000
303462000
211526000
235060281
235033145
257153220
412433352
367405000
273899100
412451864
367472410
770576080
235077000
224147180
277468000
227588520
412211731
224050850
273513700
220304000
257429720
259713000
266360000
725000470
900402216
412421852
412413152
225374000
412349367
100702538
412349395
701000959
665111117
275196504
412202943
259407000
244658000
250001421
413005139
251309000
412303508
251194110
412480559
247300290
701000517
412416982
227483000
247070670
412326013
412323566
248000810
228301000
224067000
412323625
431729000
412008092
251056110
242889000
412437557
412323044
230996360
701006001
412450829
800003442
273240900
538060019
224456000
701000652
227317980
412349519
273873500
412325417
412450168
258071000
432288000
441360000
412323594
412324083
273358840
412437768
900022558
412477648
247104060
224132580
412444896
251783110
227318940
440873000
251266110
211608000
257456500
901401578
228108900
412327616
412476379
412470374
257122920
257860500
228187700
224209000
412449612
400460778
224463000
273298000
211510290
251804110
258541000
367659000
412441897
220338000
126020135
231730000
412327386
257158920
412031250
219000907
412000099
224235980
219005513
412326357
412326385
219507000
412211135
412327374
219005919
800019508
205261000
8073718
412325278
247280590
412205425
257084040
273448120
415001158
900405324
900404446
235017834
257152940
367030120
412200547
257701500
431022000
247143430
412435489
412325742
247084520
412819025
412002828
412419161
273451570
219709000
275155000
440731000
413691270
227118600
412448771
413001373
412323828
725001470
250102700
411229789
412464777
900401571
440886000
412420601
412438799
900304102
251803110
412414678
412436305
273847910
273336810
228171600
927501109
412349839
901381372
412000920
231160000
273450570
367138430
368633000
228337800
245262000
235001841
224208650
412325981
900305817
250196000
412412715
412323563
412477835
412411241
412323787
412326099
900019605
244256000
659057000
412474020
211307720
220356000
230987140
271072294
224085250
412433774
224052360
412205603
245328000
412350073
701000720
226178000
273847300
241063000
412477965
412433293
432276000
431813000
227573000
412438878
412568567
412323035
367662000
224292000
257214000
412447219
725000667
250000699
228189000
440045000
412323138
413272319
367038990
224135000
244750560
227104700
533170033
440108380
273435250
800004542
247300340
227143500
257182440
316002956
701000535
227318690
273435850
412419256
412472427
235001239
250267000
416239700
440122450
271072279
246274000
431710000
725019300
412462144
226255000
259130000
273428220
900308210
440450000
273212110
412324825
413706482
412322392
235007960
368412000
265759000
232555000
250101900
412476678
259380000
251540110
440796000
244770262
276782000
412433578
244759000
220128000
240280000
250105600
701006341
224204490
273358010
900266068
412448989
412323151
227418000
412461757
701023000
900411626
333392192
800004053
412323642
250001048
273294100
220358000
224079580
247084320
875413020
412326753
273894510
219011274
219003704
273812510
333388888
998877000
366899490
263271000
259508000
367166240
257169320
227336000
412201752
412325494
440973000
770576071
244328000
701000948
250264000
412450638
100700144
412932869
900301309
211207270
259311000
412476773
432511000
247061610
228157800
412433393
275143000
261000630
412450018
800016325
412422182
257150140
667788211
244323000
246145000
412420197
901401536
251286110
224204520
800020338
900305210
224055660
701000547
219294000
440703000
440669000
412410728
412448894
412880584
412325399
367142080
219005954
812000013
900305228
412443266
701000880
247070850
412322995
900403641
413701496
224021580
224901000
900307131
227120400
244078096
412427801
412270077
257215140
412201099
230995870
273619100
432848000
412349333
412322811
273352910
273533300
250104600
627001000
412205531
263482000
224050000
413200819
224173000
412448696
123111111
257555500
250115460
219001604
316022149
247121240
232006060
412437592
247050170
251244110
251121110
412432411
257258000
316007950
412679190
412365212
211176000
228325000
368085000
367107030
250001143
413705812
900412166
800015475
412327458
224101860
273310460
273877500
367166280
265670930
366867690
616825000
251405110
227109700
273828010
227309000
224048290
412449251
412202188
261005270
900411487
224086550
273352280
701079000
412202567
235054804
701000636
366946150
366971230
540006000
431602130
231129000
150200373
257855500
432282000
227319840
228184000
770576099
224658000
257167320
412327669
412349701
257309020
701000950
366083819
246790000
412432229
230025680
412469495
412448954
224115880
660005100
266163000
416029800
412464583
412464645
211363300
231150000
273845610
900411525
431444000
366972290
902901683
257611509
247122150
431100030
219000895
412327387
303303000
800019283
276806000
273848010
224780000
247100640
412431723
901409907
412205733
902913019
412205468
412001071
412324175
503732000
306094000
413016098
228301900
226246000
366762440
529440000
412327423
219009738
257898500
538060015
237151000
413550000
415001138
244877000
900401805
367162190
412323063
257384000
251290110
412460756
431801000
900413517
244309000
231036000
412325534
725007800
224004720
273854000
316005669
420526510
316001870
440912000
263570000
333305588
900414222
412587999
412420154
219006115
224186000
251053110
257284600
412468575
257737500
224004750
240429000
224081150
416000007
235073457
273894010
227143100
235021707
257714500
251129000
900401126
247147510
257629500
257038940
770576120
251598110
235006150
412452588
412324185
900415397
219007459
600002856
701000756
265785000
412420114
224405000
220349000
900005471
257394000
412323547
412324195
770576091
900415588
412327404
416002374
412323587
250000887
219013538
245325000
273822210
245498000
412463861
701000672
412325362
412325009
412449969
412349506
232006830
412203345
412327648
219002051
800017827
413005134
412017450
412444856
412005678
240019000
412900129
273846010
412080211
900308111
273565900
273819700
419900150
219014276
251097000
412461596
273311280
273890100
367352000
413442060
412325403
257485600
412424516
412441395
701006069
412001289
366936280
800005216
273298800
227316160
900415456
412995008
412701176
900300611
235051022
250000626
231047000
244050849
900307501
701000629
366526010
440636000
227145800
224040000
412325884
316001023
412450205
412251049
257198000
412477287
258497000
440858000
257090340
275226000
224073650
701006028
412432227
412324707
244090965
250190000
259963000
441784000
273356740
412881008
412424478
227318490
412432999
257077240
701000601
725002050
257084940
257814610
422224000
219871000
412205018
910101668
412480112
247051920
900313302
251197110
412466925
227322270
412565686
900272321
412479844
901401530
226230000
245273000
760119000
701000528
431717000
412327418
250000054
760000360
900268698
316001821
900411268
412469362
900900327
412433415
412324179
257549600
257910500
219924000
257311140
246327000
228127000
412001503
412449575
412211588
412000661
412325483
440992000
110300593
576375000
257164640
190701091
228158600
251184840
412421675
303628000
412060436
258590000
900004220
273896300
226084000
900307761
412211214
273848910
257156320
257100540
412324870
228228800
245341000
247146950
416232600
251045000
901380256
412323555
367353460
470100540
415986898
900304218
257009040
227146700
725000890
369174000
263274000
412476921
412442106
900408106
412659386
412464574
412441849
227358000
224286000
273529900
412202772
413258899
413000006
440747000
412202939
412417662
276388000
251463000
257454000
412205609
412416559
412387001
247145370
250369000
333301417
247121010
900308104
412441625
273877000
701000791
412203195
224291000
224104820
257193500
257190720
367440310
955800000
251253110
245795000
265769000
261004780
900307733
900115118
412420434
900306226
224175960
410000788
412444871
412205563
275191000
410000588
412324161
367033730
367030568
261003970
218299000
316005668
770576115
245256000
273523100
251250110
412441586
224313000
441142000
224113260
219006011
431802000
412461526
246429000
412819119
412413061
413350750
900314120
412326692
412325776
431686000
900404106
725000131
412310773
273525500
412475038
219001555
366987710
338643000
224051350
219176000
412438817
251324110
247151150
412441223
412349427
901402228
303999000
265687960
273827010
219536000
224201150
257131800
412460724
412464913
412479594
412360217
219024000
224752000
247083410
412325998
412449919
219011179
273215500
273556300
251068110
250262000
251153000
412462419
235019133
735058003
730017000
412450357
901401418
219000897
367044890
211101000
234340000
774559424
441868000
412479543
412325901
412882219
273440600
701000551
224011290
412436139
224280000
244633000
235068406
412205427
412449046
900408108
220004000
316003459
412433682
367138530
800025689
275127000
432685000
220257000
273528800
412324224
245445000
235090189
220256000
204862000
770576135
412441953
224082780
901410415
412449816
367010360
412205588
701000680
412328034
367139360
245813000
251423000
231134000
367544000
367161000
412450330
412451568
412349636
701000885
412323724
412323536
412470538
367016340
900309221
432564000
250101800
412881676
273848710
218359000
233294000
257423000
227317960
900411689
800007694
273417040
900020363
220151000
900314205
412477298
412205675
235010940
412324631
412202785
412349634
725010191
412349003
303684000
257580600
900314317
366986010
224120000
273317270
900412222
412211727
228950000
903180188
701000562
227353000
901403216
412320626
412468572
367498790
367011410
441029000
273563210
273433220
257963000
440854000
412325855
273559400
412002881
412441799
367410620
412420331
224065000
431182000
440772000
227317860
244225000
412201096
265645310
413468860
211214200
251310110
231014000
701006405
247147390
900313215
224051950
273313560
412205487
412371033
412810764
219009135
902288278
211307520
312940000
412444868
412448675
257079000
412426885
412205055
412705310
412324854
110767890
219005935
660004900
257396920
251591110
211317720
338296000
227897000
412324187
412450819
900305148
701000882
266251000
265705000
412324738
412470555
412435036
412410238
412418355
211315620
900413418
900413590
701000577
431435000
412452094
558558699
244780712
415001180
224123720
412450203
247088050
273298100
412325561
412323813
227143600
257118500
224175430
366691880
412433351
412324609
432444000
227556000
218066000
440931000
412370578
412205482
412326154
412451556
412328605
412349341
538060004
336431000
245148000
265816000
900411672
418888899
245575000
367494020
273449380
224184270
412349631
316013198
219413000
259180000
266077000
251155000
273526800
412449768
412470561
725000335
257059340
316004191
273534110
367079950
111002101
226095000
412431642
366736140
412441423
800010727
273296700
368583000
412695240
900023030
244809000
273315480
412324177
412819657
240229000
257384020
900409213
413705717
228040000
227141900
412323578
413272322
90143330
413075116
412480125
412413211
424426611
367438060
266245000
251319110
228236700
412002777
247083440
413427190
258462000
341177000
273893200
367083650
900411980
800000063
810040240
412205359
412461793
900417121
412205049
26103770
367176240
316002764
367172260
367488250
312897000
150201047
228909000
244770343
412421768
257035940
231265000
257004910
660002400
412478369
412476561
800031309
228258000
247301700
224687000
412008078
219006552
219001954
219002701
412449199
412101502
224104960
775628000
412327709
412211088
257594600
259441000
701006182
725000261
725003670
412325714
247149010
660000800
412480209
412411542
219429000
245369000
701000908
367048390
900300303
224069840
412324153
258470000
251464000
215000910
412466922
219271000
247142830
244620000
412452996
412324127
303419000
244299000
412450052
261015270
224696000
366950060
412348865
412324149
258449000
412324061
999999910
228264000
440813000
412431643
272178000
412413199
412325498
258217000
232006840
910100043
259241000
412329270
273437790
228858000
224076590
258262000
368339000
366164050
228107000
251178110
204206750
250001718
250000633
228155000
413467860
412205431
413000685
412325299
271072711
412327984
273514800
412323633
205106000
235006280
412476435
235077608
219013178
810040370
900305916
525015556
701006468
412464341
413599998
228195800
412000915
412450013
412442094
900417361
257649500
413420440
251338110
257779500
265824000
900401521
273294400
412035162
224160250
261006090
701000870
244307000
412414653
900410235
412352887
412327407
231440000
271062111
701006038
233282000
900309116
273555500
273435580
412324201
900401512
412328231
227424000
413320290
431739000
230987510
412412767
211517810
204856000
219012276
235000897
263401880
273342630
244605000
250484000
224049860
900306360
412469322
211344000
265765000
440647000
237171000
273431690
413115106
812041379
227532000
412449027
244650685
211625000
440382000
412323296
412439087
247083380
790701408
412328281
800019531
257308740
224315000
926313047
219002682
412327659
412025317
316003703
412324624
259526000
576497000
259641000
412211109
412449616
219002368
412567886
257564600
800017805
432454000
412203929
250001339
412442228
227812000
701000690
123450020
211312240
219006301
412441757
219867000
257264000
412205602
412449996
412324164
412324687
271056072
266046000
412441366
231266000
224068650
251801110
415001030
900212855
259375000
273345710
224114650
338066383
422223000
224117000
412452752
235004230
224098790
412448981
444042912
220383000
331184000
900314107
237221000
725001320
412442453
257147900
265612240
367522830
244731000
412448364
412421100
657545000
273411800
367344810
412448679
257100520
412205565
266088000
257488600
412450391
901403707
224019440
441495000
701000642
900412813
263503000
900012621
412353252
900114169
412706485
412324181
219006442
261003060
251069110
235040121
367479750
412420452
701006005
412422391
273516600
440794000
900208625
235018597
371696000
227574000
812041340
440256000
412200699
412470183
441660000
237390000
273293500
224544160
265457000
251603110
412327744
725002410
412324217
820080062
412205402
412705623
259430000
701000675
701006003
312912000
224055860
412451999
224102000
251125000
224104450
900413110
412349639
257863500
333303215
366499000
277442000
224058150
273425330
412701139
237613000
412324616
725001850
244742000
412449028
257304820
412324076
412325474
412041790
412461618
441667000
271008508
412450317
900411978
412008002
412450766
412449664
900408201
261000660
701000857
266053000
412964646
367399910
228254000
235014511
432106000
412463791
224526000
412451579
338603000
760000380
265786000
224068470
412433343
227354000
701000849
701000934
412211605
412323551
251294110
412327658
900307804
224012870
247120430
416004245
891201189
660002700
250477000
413004115
250365000
900411872
790701456
412449155
224021460
257345520
367028490
205227000
235000480
412464578
273447010
251755110
247100470
258158000
412211626
901401905
412203347
700000586
770576117
259378000
257586600
273610200
412353341
412323656
900301446
900308311
247082580
412697160
412348964
257591600
412200499
276385000
257571600
245617000
701000597
900272316
412328272
412452006
273424300
412462255
701006040
273353630
412442092
205153000
760125000
412443939
412205557
900301438
412464067
800028461
432881000
259554000
273522500
412000692
250440000
412437137
367705000
900411550
520238000
412325732
257004210
257732500
368560000
257166000
367319530
219063000
412325893
431791000
412433349
367406690
224086130
245441000
266199000
251330110
247148220
431595000
275053000
412432343
224905000
412324623
224754000
239130000
367016610
338673000
247051830
219740000
412432304
224171360
412412763
900307713
412349484
316023119
273568800
224396000
259822000
100703012
224084640
367581000
257446500
224081840
412686340
548831000
412442315
257260020
367397890
367380860
273878000
211314320
219467000
224068000
219002838
412326008
412325987
660002500
412432934
227108400
257056600
412324112
412324144
412325509
412123249
220006000
261005510
220182000
412323736
770576112
416003803
263821000
224197230
725000294
412449628
412460741
900304210
219013966
247146040
432787000
266059000
412433928
219005671
412478137
412416374
440802000
367603000
246009000
265751000
273423060
227317720
412323988
367085680
412413661
257170340
431397000
412000819
245738000
412442224
247302670
412443003
432228000
412432401
900411641
273846400
412349326
251538110
275312000
232005840
412326009
775602000
251361110
227857000
412478591
462801187
316003365
244873000
211227260
273823020
251164000
273896810
412448903
701006085
273434640
701000543
725000287
432458000
219015502
412461717
412415369
228806000
412202886
224051180
412424513
412450017
900307422
224038000
412205496
273814900
413236000
431200590
244060000
701000940
412460487
412444963
512000192
412120419
431439000
900307314
701000516
92431185
412479779
219005837
412470418
228958000
412477372
900300533
227915000
412327414
110706492
412447439
247252970
812041021
740352000
900314324
412476499
250000546
412211701
412420195
412324221
501000000
251529000
412206818
247065610
416221800
900304202
224065290
219012671
412441859
247050560
412324125
701006183
219503000
237004000
367008130
412448884
412462271
810080288
901409103
503595000
235000489
770576153
231321000
412413016
412463753
235078558
412325272
247051550
412323145
412205601
316002974
234511111
224070850
412478171
228168900
412325521
225341000
258358000
224005870
412327812
211417590
227872000
412433648
250000957
227124600
242963000
227504000
273897700
247152010
503668900
224000020
416031600
412432202
271072560
412450373
470571000
273825000
244810000
273840100
367098380
247146450
251211110
247142730
219013001
412352896
725000810
257599600
725000972
740368000
412000662
204229000
412323539
224041000
515377000
219237000
273350810
265754000
900308122
219001682
244659000
224008890
224545000
224004810
251166110
257882500
412477496
366969250
251040000
250116470
227338000
412466902
412205556
431731000
224025270
219001592
412448985
701006058
110703143
415778889
412205513
237659000
800023470
412327161
413501480
237662000
910040527
432463000
227559000
412205553
900304238
367307370
316014803
413001666
900900856
900306996
412437442
412325932
900019573
412433333
273897710
412321132
237654000
266082000
228154900
441650000
412445199
412464368
228106800
224361000
412068028
228931000
261002530
412441678
441865000
273410500
366433000
250102660
366888690
263531000
251079000
412451359
251538540
205296000
725000970
412476999
259501000
261003620
259217000
369546000
273421500
601041200
367521510
432365000
412325487
251772110
412433385
432845000
247070970
412325797
701030000
90030138
224197150
412836597
257558500
261469000
900031645
412442303
441410000
235007570
224141970
251326240
258542000
258330000
257191020
412470508
440966000
258035000
219001578
412205537
235005980
228842000
235002490
412327413
412881030
520241000
412450014
441766000
235013325
900411647
228880000
412460749
273848700
246570000
412203323
413064196
257978500
259470000
