10421670
200008650
201851
204041000
204201240
204201270
204201360
204201560
204202570
204202940
204203650
204203880
204204280
204204560
204204780
204205960
204206740
204206750
204206760
204208790
204209570
204209840
204209890
204209950
204209960
204210770
204211000
204212000
204225000
204226000
204228000
204229000
204232000
204233000
204235000
204236000
204237000
204242000
204243000
204244000
204245000
204248000
204255000
204257000
204260000
204261000
204263000
204264000
204266000
204269000
204270000
204274000
204275000
204277000
204285000
204287000
204807000
204810000
204811000
204813000
204814000
204815000
204819000
204820000
204824000
204826000
204827000
204829000
204834000
204835000
204838000
204848000
204851000
204853000
204856000
204858000
204862000
205017000
205026000
205059000
205101000
205106000
205128000
205148000
205149000
205150000
205153000
205155000
205161000
205162000
205169000
205170000
205191000
205192000
205197000
205198000
205227000
205232000
205236000
205237000
205239000
205240000
205241000
205243000
205246000
205258000
205261000
205262000
205264000
205265000
205269000
205271000
205272000
205275000
205277000
205278000
205281000
205284000
205285000
205286000
205291000
205293000
205294000
205296000
205303000
205306000
205307000
205308000
205311000
205315000
205316000
205320000
205321000
205322000
205323000
205325000
205327000
205328000
205333000
205336000
205345000
205346000
205532000
205632000
205995000
207293000
207326000
207343400
207420000
207421000
207422000
207424000
207426000
207427000
207428000
207429000
207822280
207822570
207822580
207822650
207822660
207822670
207822750
207823230
207824340
207824680
207824690
207824740
207824760
207826760
207827320
207827350
207827450
207827490
207827790
207827920
207828530
207828790
207828930
207829280
207829360
207829440
207829520
207829550
207829660
207829790
207832280
207833240
207882640
209212000
209232000
209353000
209465000
209499000
210193000
210380000
210460000
210732000
210924000
210928000
210975000
211101000
211103000
211104000
211105000
211106000
211115000
211131000
211152000
211154000
211155000
211156000
211157000
211158000
211159000
211161000
211162000
211163000
211164000
211166000
211168000
211170000
211174000
211176000
211180000
211182000
211187000
211191000
211192000
211193000
211196000
211198000
211199000
211207270
211214200
211214990
211227510
211232810
211232850
211238930
211241240
211243240
211245680
211245890
211259270
211265640
211267780
211270480
211271330
211272400
211279120
211282410
211282560
211285880
211287590
211288860
211290000
211292280
211294100
211298640
211307520
211310410
211312240
211313600
211313780
211314320
211314450
211314600
211314800
211314880
211314890
211314990
211315220
211315230
211315540
211315620
211315630
211315750
211315870
211316900
211317290
211317720
211318640
211318730
211319400
211319670
211320460
211325200
211325290
211332630
211332750
211339220
211339490
211342400
211344000
211351000
211359830
211363300
211363680
211364320
211364330
211365280
211370000
211373830
211375000
211376000
211386440
211389510
211390480
211392000
211396000
211398000
211400000
211402250
211402270
211403000
211410690
211411630
211411940
211413470
211414290
211415000
211416000
211420000
211421000
211426000
211427000
211430000
211438440
211439000
211440000
211450000
211452000
211458000
211459000
211462000
211469000
211474000
211476000
211477000
211479000
211480810
211483000
211483620
211484000
211486000
211488000
211489000
211490000
211492000
211493000
211495000
211500000
211501000
211502000
211502800
211505000
211507000
211510290
211515000
211516000
211516210
211516260
211516530
211517110
211517200
211517230
211517240
211517250
211517810
211519000
211519080
211520710
211521000
211522000
211523210
211523500
211524000
211526000
211527000
211528000
211530000
211532000
211533000
211535000
211535140
211544000
211545000
211546000
211550000
211551000
211551270
211552000
211555000
211559000
211560000
211561000
211563000
211565000
211572000
211586000
211587000
211588480
211593750
211595000
211599000
211600000
211605000
211607000
211608000
211618000
211623000
211625000
211626000
211639000
211647800
211648000
211651620
211653680
211658000
211665000
211667000
211667030
211670320
211671000
211671890
211679730
211680250
211699000
211758000
211793000
211815000
211824000
211861000
212101000
212121212
212446000
212447000
212899000
215000063
215000330
215000650
215000770
215000780
218007000
218066000
218104000
218125000
218140000
218162000
218264000
218299000
218325000
218342000
218359000
218363000
218367000
218442000
218556000
218799000
219000617
219000618
219000741
219000855
219000895
219000897
219001039
219001125
219001149
219001181
219001189
219001204
219001265
219001275
219001343
219001518
219001522
219001549
219001553
219001559
219001569
219001587
219001588
219001604
219001614
219001624
219001642
219001664
219001682
219001703
219001723
219001976
219002005
219002023
219002047
219002051
219002149
219002157
219002251
219002368
219002409
219002415
219002464
219002504
219002506
219002585
219002586
219002811
219002827
219002838
219002847
219002881
219003138
219003369
219003561
219003849
219004002
219004043
219004119
219004128
219004144
219004161
219004178
219004203
219004242
219004264
219004265
219004277
219004307
219004472
219004473
219004596
219004617
219004633
219005286
219005454
219005496
219005502
219005513
219005583
219005616
219005659
219005662
219005671
219005719
219005763
219005776
219005778
219005805
219005837
219005847
219005863
219005866
219005867
219005878
219005881
219005887
219005901
219005902
219005909
219005919
219005921
219005929
219005941
219005954
219005964
219005968
219005995
219005997
219006005
219006023
219006061
219006092
219006111
219006115
219006116
219006142
219006157
219006236
219006249
219006281
219006283
219006301
219006333
219006382
219006383
219006443
219006508
219006614
219006655
219006824
219006835
219006915
219006916
219006971
219007027
219007034
219007036
219007234
219007235
219007269
219007313
219007314
219007333
219007404
219007432
219007459
219007479
219007492
219007511
219007539
219007544
219007596
219007606
219007613
219007829
219007925
219007932
219007944
219008145
219008474
219008833
219008927
219009041
219009135
219009229
219009244
219009273
219009274
219009334
219009413
219009415
219009542
219009599
219009738
219009799
219009907
219009961
219010818
219010989
219011018
219011032
219011179
219011225
219011321
219011325
219011336
219011649
219011765
219011867
219012276
219012302
219012521
219012607
219012671
219012897
219013001
219013005
219013106
219013178
219013192
219013485
219013538
219013539
219013756
219013885
219013966
219013976
219014049
219014161
219014162
219014192
219014276
219014851
219015103
219015338
219015362
219015502
219015559
219015617
219016004
219016474
219016588
219016689
219016764
219016806
219016971
219017379
219017576
219017843
219017895
219018343
219018405
219018852
219019093
219019287
219019555
219019804
219019966
219020304
219020578
219020634
219022000
219024000
219060000
219063000
219065000
219106000
219108000
219121000
219125000
219138000
219139000
219140000
219168000
219176000
219188000
219218000
219220000
219240000
219257000
219271000
219294000
219328000
219330000
219340000
219343000
219381000
219421000
219424000
219429000
219439000
219441000
219443000
219446000
219467000
219481000
219493000
219503000
219507000
219536000
219597000
219633000
219649000
219650000
219651000
219660000
219661000
219689000
219697000
219709000
219740000
219743000
219751000
219754000
219762000
219765000
219787000
219793000
219796000
219799000
219801000
219809000
219831000
219837000
219853000
219862000
219867000
219868000
219871000
219872000
219904000
219905000
219921000
219922000
219936000
219941000
219946000
219948000
219956000
219959000
220000052
220000057
220006000
220012000
220024000
220032000
220038000
220042000
220043000
220046000
220051000
220054000
220063000
220067000
220071000
220073000
220076000
220088000
220099000
220109000
220118000
220127000
220128000
220135000
220137000
220138000
220142000
220151000
220166000
220182000
220202000
220204000
220205000
220213000
220225000
220228000
220242000
220247000
220256000
220257000
220279000
220283000
220304000
220307000
220313000
220317000
220323000
220327000
220329000
220333000
220334000
220335000
220336000
220338000
220339000
220341000
220343000
220345000
220349000
220351000
220352000
220353000
220356000
220359000
220362000
220369000
220375000
220383000
220395000
220398000
220453000
220461000
220463790
220482000
220507000
220544000
220616000
220622000
220623000
220628000
224000220
224000240
224000390
224001000
224001760
224002020
224002820
224003100
224003450
224003530
224003580
224004000
224004420
224004530
224004660
224004680
224004720
224004770
224004800
224004810
224004950
224005190
224005220
224005250
224005270
224005540
224005590
224005790
224005830
224005860
224005870
224006570
224006770
224006930
224006950
224007230
224007640
224007820
224007840
224008250
224008640
224008890
224008940
224009000
224009240
224009250
224009750
224009840
224009880
224010000
224010590
224010630
224010730
224010920
224010950
224010960
224010990
224011110
224011130
224011150
224011160
224011260
224011270
224011290
224011530
224011550
224011990
224012280
224012590
224012660
224012690
224012850
224012860
224012870
224012890
224012980
224013020
224013050
224013090
224013220
224013460
224013710
224013780
224013880
224013910
224014120
224014210
224014270
224014440
224014460
224014490
224014550
224014850
224014890
224015120
224015220
224015520
224015550
224015930
224015940
224016000
224016170
224016330
224016530
224016620
224016630
224016730
224016930
224017000
224017280
224017450
224017460
224017830
224018260
224018350
224018370
224018390
224018440
224018460
224018520
224018530
224018890
224019420
224019440
224019470
224019620
224019630
224019680
224019690
224019910
224020000
224020060
224020170
224020220
224020230
224020340
224020390
224020460
224020750
224020790
224020840
224020890
224020990
224021270
224021340
224021460
224021550
224021560
224021580
224021630
224021640
224021650
224021730
224021820
224021860
224021940
224022140
224022170
224022330
224022490
224022620
224022640
224022730
224022810
224022910
224022920
224023480
224023580
224023970
224024000
224024170
224024450
224024480
224024540
224024870
224025180
224025230
224025270
224025280
224025440
224025780
224025840
224025970
224026180
224026480
224026690
224026770
224026780
224026860
224026880
224027160
224027520
224027550
224027890
224027970
224028250
224028550
224028630
224029390
224029580
224029760
224029830
224030190
224030760
224030890
224030940
224030980
224031340
224031680
224031980
224031990
224032270
224032470
224032730
224032880
224033000
224033360
224033380
224033640
224038000
224040000
224040240
224040260
224040470
224040840
224041240
224041250
224041540
224042160
224042650
224042740
224042780
224042880
224042970
224043370
224043560
224043730
224043770
224043850
224044170
224044230
224044240
224044350
224044370
224044690
224044840
224044870
224045150
224045180
224045260
224045480
224045640
224045880
224045930
224046190
224046360
224046570
224046790
224046990
224047170
224047260
224047270
224047340
224047360
224047390
224047430
224047490
224047640
224047870
224047990
224048150
224048290
224048840
224048850
224048880
224048990
224049140
224049160
224049260
224049270
224049380
224049460
224049530
224049540
224049550
224049630
224049640
224049650
224049860
224050000
224050230
224050240
224050270
224050280
224050370
224050450
224050480
224050530
224050560
224050570
224050850
224050990
224051140
224051160
224051190
224051330
224051350
224051560
224051590
224051650
224051690
224052260
224052340
224052350
224052360
224052370
224052380
224052460
224052850
224052970
224053240
224053280
224053530
224053650
224054950
224054990
224055240
224055250
224055330
224055440
224055450
224055660
224055790
224055830
224055870
224055940
224056130
224056170
224056190
224056740
224056870
224056960
224057000
224057130
224057370
224057830
224057890
224057930
224057990
224058130
224059230
224059740
224059790
224059860
224060150
224060290
224060680
224060850
224061430
224061530
224061870
224061990
224062360
224062390
224062480
224063280
224063670
224063680
224063730
224063780
224063790
224063940
224064170
224064850
224064930
224065000
224065280
224065290
224065430
224066140
224066530
224066550
224066570
224066580
224066590
224066630
224066650
224066830
224066890
224066970
224066980
224067130
224067170
224067470
224067580
224067640
224067670
224067690
224068000
224068290
224068340
224068470
224068480
224068490
224068560
224068650
224068980
224069130
224069140
224069550
224069650
224069690
224069760
224069840
224069850
224069860
224069870
224069930
224069960
224069970
224070000
224070140
224070150
224070170
224070230
224070240
224070380
224070440
224070490
224070630
224071000
224071540
224071730
224071740
224071790
224071870
224071880
224071970
224071980
224072140
224072150
224072190
224072230
224072270
224072280
224072430
224072470
224072690
224072760
224072870
224072890
224072990
224073290
224073350
224073390
224073460
224073560
224073580
224073630
224073650
224073660
224073830
224073960
224074180
224074650
224074660
224074680
224074730
224074740
224074890
224074980
224075000
224075180
224075190
224075280
224075470
224075480
224075650
224075930
224076000
224076190
224076360
224076430
224076530
224076590
224076630
224076970
224077140
224077240
224077380
224077390
224077440
224077580
224077590
224078290
224078380
224078780
224078870
224079000
224079040
224079240
224079440
224079580
224079840
224079860
224080230
224080370
224080660
224080680
224080860
224080940
224080990
224081130
224081150
224081180
224081290
224081430
224081670
224081690
224081790
224081820
224081840
224082230
224082260
224082360
224082460
224082580
224082780
224082850
224082870
224083240
224083350
224083520
224083590
224083650
224083730
224083790
224084460
224084520
224085120
224085130
224085250
224085260
224085290
224085560
224085730
224085740
224085930
224085950
224085960
224086000
224086130
224086520
224086550
224086630
224086640
224086690
224086740
224086780
224086790
224087000
224087230
224087260
224087340
224087460
224087530
224087540
224087790
224087870
224088000
224088280
224088370
224088550
224088740
224088940
224089000
224089260
224089290
224089490
224090290
224090880
224090890
224090990
224091480
224091680
224092130
224092140
224092340
224092730
224092830
224092850
224093240
224093320
224093360
224093430
224093450
224093460
224093550
224093680
224093740
224093750
224093760
224093890
224094160
224094470
224094480
224094520
224094570
224094590
224094660
224094740
224094760
224094770
224094870
224095140
224095230
224095240
224095390
224095430
224095620
224095660
224095770
224095950
224096140
224096290
224096320
224096480
224096580
224096680
224096770
224096830
224096840
224096870
224096930
224096950
224097160
224097540
224097640
224097670
224097930
224097970
224098230
224098250
224098390
224098420
224098640
224098680
224098760
224098780
224098790
224098870
224098930
224099270
224099320
224099450
224099470
224099560
224099620
224099940
224100120
224100160
224100180
224100190
224100230
224100530
224100590
224100870
224100920
224101750
224101860
224101940
224101950
224101970
224101980
224102000
224102280
224102530
224102740
224102850
224102950
224103000
224103220
224103270
224103490
224103570
224103720
224103750
224103760
224103820
224103970
224104170
224104180
224104240
224104340
224104380
224104420
224104430
224104450
224104540
224104640
224104820
224104960
224104970
224104990
224105000
224105450
224105460
224105480
224105580
224105890
224105920
224106000
224106130
224106140
224106190
224106240
224106260
224106440
224106650
224106840
224106860
224106940
224106950
224107250
224107280
224107670
224107760
224107960
224107990
224108000
224108450
224108490
224108520
224108550
224108670
224110000
224110320
224110740
224111120
224111190
224111740
224111750
224111960
224112290
224112790
224113270
224113720
224113850
224114130
224114570
224114650
224114750
224114990
224115000
224115170
224115790
224115880
224116380
224116420
224116790
224117340
224117580
224118650
224119550
224119680
224120000
224120840
224120850
224121650
224121760
224122000
224122520
224122560
224122570
224122930
224123370
224123490
224123580
224123720
224123730
224124190
224124260
224125140
224125630
224125920
224126630
224126930
224127180
224127320
224127360
224127540
224128190
224128230
224128320
224128650
224128670
224128930
224128940
224129190
224129890
224130000
224130750
224130870
224131270
224131530
224131820
224132000
224132420
224132570
224132580
224132650
224132850
224133000
224133306
224133630
224133770
224133790
224133860
224134120
224134380
224134470
224134480
224134520
224134550
224134690
224134990
224135000
224135190
224135340
224135590
224135770
224136380
224136470
224136880
224136920
224136960
224137140
224137290
224137530
224137550
224137770
224137780
224137880
224137940
224137950
224138280
224138320
224138330
224138370
224138660
224138680
224138770
224138950
224139000
224139370
224139450
224139780
224139890
224140000
224140280
224141280
224141360
224141830
224141970
224141980
224142560
224142580
224142870
224143650
224143730
224143830
224143980
224144580
224144590
224144750
224144890
224145180
224145440
224146950
224147180
224147190
224147350
224147740
224148120
224148470
224148740
224149650
224150760
224150820
224151570
224151870
224152140
224152340
224153130
224154000
224155590
224155950
224155960
224156000
224156290
224156570
224157000
224157780
224157840
224160000
224160250
224161140
224161760
224162360
224162840
224162880
224162930
224163180
224163640
224164540
224164580
224164950
224166160
224166440
224167130
224167520
224167590
224168000
224168220
224168820
224169000
224169660
224169750
224170000
224170740
224171140
224171260
224171360
224171450
224171840
224172000
224172220
224172830
224172950
224173000
224173230
224173660
224174120
224174380
224174930
224174990
224175190
224175430
224175790
224175960
224176230
224176370
224176380
224176390
224176442
224177000
224177240
224177460
224177970
224178000
224178570
224178640
224178660
224178880
224180740
224181120
224181230
224181290
224181530
224182180
224182270
224182770
224182920
224183670
224184270
224185220
224185240
224185250
224185350
224186000
224186490
224186660
224187770
224188000
224189000
224189190
224189260
224189550
224189820
224190270
224190680
224191750
224192250
224192570
224193790
224194470
224194620
224196000
224196160
224197150
224197230
224198230
224198240
224198440
224200490
224201150
224201160
224202460
224202860
224204490
224204520
224205230
224205360
224205420
224205630
224205880
224206260
224206750
224206830
224208290
224208650
224209000
224209590
224209620
224209690
224210180
224211440
224211520
224212280
224212820
224212830
224212840
224213850
224214440
224214550
224214990
224215230
224215430
224215550
224215890
224215940
224216220
224216490
224216660
224217120
224218000
224218360
224218850
224218930
224219220
224219360
224220130
224220140
224220650
224220670
224220790
224221190
224221320
224221940
224222560
224222760
224223470
224223630
224224000
224224106
224225320
224225750
224226670
224227000
224227590
224228670
224229000
224229980
224230370
224230530
224230740
224231980
224233000
224233470
224233730
224234250
224234720
224235000
224235170
224236430
224237180
224237650
224238430
224241000
224241390
224242200
224245280
224245370
224245520
224246000
224248550
224248790
224249780
224250000
224250430
224252000
224252450
224253000
224253750
224254000
224256000
224256220
224258570
224258840
224259000
224259150
224259220
224259630
224260750
224261000
224262260
224264670
224265000
224265670
224266000
224267000
224268000
224270000
224270370
224271000
224272000
224273000
224274380
224275000
224276000
224279670
224280000
224280880
224282280
224283540
224286000
224288000
224290000
224291000
224292000
224292770
224292970
224294000
224295000
224295760
224297320
224298000
224298620
224299000
224301000
224303000
224303360
224304660
224306000
224306530
224307000
224308000
224312790
224313000
224313360
224313390
224313420
224314000
224314570
224315000
224315860
224318000
224320160
224320560
224322690
224323960
224324000
224324980
224328880
224329000
224330760
224331000
224333460
224335000
224337720
224337890
224337930
224339190
224342000
224353650
224354000
224355000
224361000
224364290
224366000
224368530
224368920
224369000
224371000
224371120
224372000
224377000
224377530
224378000
224380000
224382970
224384000
224385000
224386370
224387000
224389000
224392000
224394000
224396000
224396270
224405000
224407000
224409830
224411380
224415000
224416530
224421000
224425770
224430000
224431000
224438000
224440790
224445000
224447240
224448260
224452000
224456000
224457450
224459000
224460000
224463000
224464000
224468000
224469000
224472000
224473000
224475470
224488000
224491000
224492000
224501000
224506000
224514000
224523000
224526000
224531000
224534000
224536000
224544160
224545000
224546000
224547000
224552620
224556000
224559000
224566950
224567000
224571000
224572000
224577000
224577480
224578000
224580000
224581000
224587000
224591000
224594000
224597000
224609000
224610000
224615000
224618000
224619000
224622000
224623000
224626000
224651000
224654000
224658000
224680000
224687000
224690000
224696000
224701000
224706000
224709000
224710000
224712000
224716000
224717000
224721000
224724000
224727000
224732000
224733000
224745000
224746000
224752000
224754000
224762000
224775000
224780000
224782000
224793000
224816000
224819000
224820000
224841000
224854000
224859820
224871000
224881000
224883000
224888000
224892000
224895000
224896000
224897000
224901000
224905000
224906120
224906170
224906180
224906190
224906480
224913000
224918000
224922000
224926000
224929000
224933000
224935000
224936000
224938000
224939000
224940000
224943000
224944000
224949000
224959540
224967000
224980000
224987000
224992000
225309000
225318000
225319000
225325000
225341000
225344000
225353000
225360000
225361000
225374000
225375000
225378000
225381000
225382000
225384000
225436000
225455000
225459000
225461000
225917890
225980573
225982438
225983196
225983852
226004000
226005000
226010000
226018000
226045000
226084000
226105000
226116000
226150000
226156000
226158000
226169000
226171000
226177000
226178000
226179000
226180000
226183000
226198000
226199000
226202000
226216000
226230000
226240000
226243000
226246000
226254000
226255000
226267000
226334000
227100100
227101600
227102900
227104700
227104900
227106100
227106400
227106700
227107100
227108400
227108900
227109100
227109600
227109900
227110600
227110900
227112700
227113100
227113400
227113500
227114100
227114300
227116300
227117600
227118500
227118700
227118800
227118900
227119200
227120400
227120500
227120900
227123700
227124200
227124600
227127200
227127900
227128800
227132100
227136700
227137400
227137600
227138600
227138700
227138800
227139900
227141600
227141900
227142100
227142200
227142300
227142900
227143100
227143500
227143600
227143700
227143800
227143900
227144300
227144400
227144500
227144600
227144900
227145300
227145400
227145600
227145700
227145800
227145900
227146100
227146300
227146400
227146500
227146600
227146700
227153230
227164210
227177420
227209970
227257670
227260880
227275010
227277330
227300000
227300110
227300230
227300260
227300270
227300430
227301110
227301390
227302000
227303000
227303430
227304010
227306990
227307000
227308000
227308110
227308650
227309000
227309340
227310000
227311000
227311010
227311190
227311230
227311480
227311840
227312000
227312050
227312180
227312320
227312440
227313000
227314000
227314180
227314310
227314440
227314630
227314780
227315110
227315190
227315370
227315420
227315520
227315560
227315730
227315850
227315980
227315990
227316070
227316100
227316320
227316390
227316520
227316550
227316570
227316590
227317000
227317030
227317040
227317050
227317150
227317250
227317360
227317370
227317390
227317470
227317490
227317550
227317560
227317660
227317720
227317780
227317810
227317830
227317840
227317860
227317870
227317890
227317980
227318010
227318020
227318120
227318170
227318220
227318230
227318240
227318310
227318330
227318380
227318610
227318640
227318920
227318940
227319040
227319060
227319090
227319130
227319170
227319190
227319230
227319260
227319270
227319430
227319460
227319570
227319820
227320000
227320020
227320060
227320080
227320160
227320290
227320310
227320510
227320540
227320580
227320660
227320710
227320760
227321240
227321290
227321380
227321790
227321810
227321830
227321890
227322070
227322180
227322230
227322270
227322390
227322630
227322670
227322680
227322690
227323060
227323070
227323130
227323170
227323270
227324000
227327000
227333000
227336000
227337000
227338000
227340000
227344000
227346000
227347000
227353000
227354000
227355000
227358000
227360000
227364000
227366000
227372000
227375000
227376000
227377000
227380000
227381000
227385000
227389000
227391000
227393000
227395000
227396000
227397000
227401000
227406000
227408000
227409000
227410000
227411000
227412000
227413000
227414000
227415000
227416000
227418000
227419000
227420000
227423000
227424000
227425000
227426000
227428000
227430000
227436000
227437000
227438000
227442000
227443000
227446000
227468000
227469000
227472000
227474000
227475000
227479000
227480000
227481000
227483000
227485000
227486000
227489000
227500000
227503000
227504000
227512000
227513000
227519000
227520000
227525000
227531000
227532000
227533000
227538000
227549000
227550000
227554000
227556000
227559000
227559990
227560250
227561000
227561410
227561540
227561740
227563000
227563620
227567680
227568010
227569050
227569380
227570000
227571190
227573000
227573130
227573140
227573440
227573960
227574000
227574760
227575000
227577000
227578460
227579000
227580250
227581000
227581550
227582000
227582920
227583000
227584000
227588000
227588090
227588970
227589000
227589520
227590000
227590030
227591030
227592000
227592060
227592190
227592480
227593740
227593840
227594760
227595000
227595050
227595150
227597000
227599000
227599490
227601910
227602810
227606480
227609410
227610980
227611780
227612990
227616510
227618730
227619590
227624440
227625350
227625380
227625440
227628730
227630880
227631450
227631850
227631910
227632830
227635230
227635680
227635910
227635980
227636430
227636480
227637310
227637370
227639660
227640150
227640190
227640710
227640970
227641010
227641020
227641030
227641920
227646110
227647080
227648190
227648210
227649290
227650230
227652390
227654220
227667550
227676870
227678480
227680790
227681490
227681710
227682170
227682390
227683480
227686540
227686570
227686910
227689760
227690560
227692790
227702720
227704270
227728040
227729980
227733270
227748550
227762340
227766710
227783530
227784760
227802000
227806000
227808000
227814000
227817000
227820000
227822000
227823000
227825000
227827000
227831000
227833000
227834000
227835000
227843000
227844000
227846000
227853000
227855000
227857000
227860000
227867000
227868000
227872000
227873000
227875000
227876000
227878000
227879000
227880000
227883000
227893000
227894000
227897000
227903000
227904000
227905000
227909000
227912000
227913000
227915000
227916000
227917000
227922000
227926000
227928000
227931000
227936000
227938000
227939000
227940000
227941000
227945000
227951000
227952000
227957000
227977000
227980000
227981000
227984000
227988000
227989000
228040000
228102800
228107800
228110800
228124000
228128000
228128700
228133000
228137900
228154900
228167000
228168000
228169000
228172900
228178900
228185800
228187700
228189900
228190600
228191900
228197000
228212700
228215800
228217100
228218800
228221000
228231700
228235800
228236800
228239000
228240800
228248700
228255000
228263000
228280000
228301600
228367000
228385000
228840000
228843000
228854000
228875000
228878000
228888000
228904000
228935000
228967000
228975000
229705000
230001770
230012000
230025680
230034210
230035000
230035100
230052950
230061850
230063680
230069190
230070270
230117380
230122280
230346000
230627000
230940400
230941040
230941050
230941650
230941710
230942350
230942640
230981710
230981860
230983690
230984250
230987140
230987350
230987510
230993160
230995870
230996080
230996190
230996210
230996360
232003258
232003540
232003630
232003730
232003832
232003860
232004081
232004150
232004190
232004336
232004360
232004501
232004523
232004538
232004618
232004676
232004700
232004729
232004735
232004741
232004770
232004846
232004906
232004918
232004947
232005120
232005290
232005340
232005410
232005420
232005460
232005520
232005550
232005610
232005630
232005650
232005670
232005700
232005750
232005775
232005800
232005840
232005890
232005920
232006030
232006050
232006060
232006130
232006240
232006270
232006310
232006380
232006410
232006490
232006500
232006590
232006620
232006730
232006740
232006810
232006820
232006830
232006840
232006940
232006960
232007030
232007060
232007140
232007250
232007300
232007390
232007630
232007650
232007970
232008020
232091000
232106000
232148000
232326000
232328000
232503000
232555000
232611329
232627000
232711000
232746000
232806000
233098000
233190000
233282000
233296000
233308000
233344000
233345000
233353000
233414000
233433000
233450000
233486000
233586000
23361900
233635000
233651000
233659000
233661000
233714000
233805000
233807000
233815000
233820000
233826000
233860000
233883000
233937000
233973000
233975000
234002000
234013000
234014000
234052000
234079000
234091000
234093000
234122000
234124000
234167000
234203000
234340000
234341000
234383000
234690000
234705000
234771000
234781000
234805000
234806000
234839000
234863000
234879000
234896000
234900000
234903000
234904000
234908000
234912000
234921000
234927000
234937000
234946562
234999055
234999060
234999151
234999155
234999157
234999177
234999260
235000097
235000150
235000170
235000270
235000360
235000476
235000480
235000525
235000560
235000573
235000604
235000620
235000623
235000640
235000670
235000676
235000710
235000743
235000760
235000820
235000840
235000843
235000867
235000887
235000890
235000891
235000897
235000900
235000910
235000942
235000951
235001005
235001029
235001050
235001140
235001239
235001270
235001280
235001320
235001340
235001390
235001428
235001440
235001497
235001525
235001620
235001650
235001670
235001680
235001766
235001770
235001800
235001810
235001820
235001823
235001841
235001860
235001890
235002022
235002029
235002051
235002070
235002082
235002165
235002260
235002274
235002330
235002430
235002470
235002480
235002490
235002499
235002500
235002522
235002560
235002680
235002690
235002718
235002743
235002800
235002820
235002830
235002870
235002916
235002997
235003110
235003150
235003170
235003310
235003330
235003355
235003424
235003460
235003589
235003598
235003635
235003653
235003678
235003728
235003760
235003785
235003825
235003850
235003891
235003953
235003969
235004005
235004070
235004076
235004110
235004129
235004140
235004256
235004290
235004300
235004378
235004390
235004420
235004421
235004476
235004600
235004610
235004690
235004700
235004730
235004740
235004900
235004920
235004940
235005014
235005059
235005150
235005282
235005319
235005350
235005510
235005640
235005740
235005770
235005820
235005900
235005947
235005980
235006100
235006150
235006280
235006480
235006500
235006716
235006737
235006840
235006880
235006892
235006941
235007070
235007080
235007100
235007143
235007144
235007170
235007300
235007379
235007418
235007420
235007455
235007462
235007552
235007570
235007575
235007600
235007745
235007860
235007904
235007912
235007960
235007968
235008020
235008030
235008047
235008063
235008172
235008217
235008380
235008454
235008665
235008669
235008860
235008880
235009060
235009094
235009100
235009200
235009220
235009660
235010040
235010110
235010140
235010340
235010670
235010940
235011055
235011218
235011319
235011340
235011420
235011710
235012112
235012902
235013021
235013031
235013196
235013325
235013472
235013871
235013957
235014511
235014687
235015841
235016228
235018597
235018598
235018825
235018981
235019072
235020111
235020355
235020423
235020549
235020797
235020798
235021304
235021469
235021642
235021707
235021774
235022924
235023059
235023713
235023784
235025319
235026354
235026358
235026408
235027948
235028301
235028482
235030148
235030325
235030641
235031017
235031151
235032001
235032237
235032854
235033145
235033728
235033874
235035883
235036491
235037363
235037753
235038812
235039296
235039383
235039435
235040079
235040556
235050365
235051022
235051173
235051671
235053875
235054161
235054653
235054804
235055004
235056045
235057467
235058468
235058829
235059791
235060213
235060277
235060281
235060673
235060913
235060915
235061018
235061961
235062791
235063095
235063253
235063795
235064432
235064434
235064831
235065047
235066405
235067977
235068209
235068228
235068406
235068431
235068506
235068889
235069008
235069065
235069162
235069529
235070169
235070377
235070436
235070957
235071395
235071582
235071779
235072137
235073052
235074776
235074868
235075291
235075355
235076242
235076457
235076636
235076687
235076743
235076933
235077000
235077317
235077608
235078344
235078471
235078541
235078558
235079089
235079422
235080649
235080782
235081001
235081025
235081239
235081647
235081732
235081915
235082216
235082365
235082771
235082849
235083322
235083723
235084199
235084601
235084726
235085776
235085777
235086094
235086341
235087563
235087635
235088008
235088014
235088807
235089043
235089496
235089665
235089955
235090189
235090415
235090771
235090834
235091175
235091962
235092375
235093015
235094789
235095109
235095634
235095849
235096094
235096106
235096263
235096368
235096845
235096863
235096987
235097013
235097217
235097649
235098256
235098956
235099244
23509931
235099592
235100159
235100414
235101000
235101102
235101187
235102453
235102697
235103000
235103048
235103069
235103197
235103397
235103398
235103683
235103824
235105005
235105524
235105723
235105753
235106049
235108172
235109887
235110013
235112317
235112769
235113439
235118000
235166000
235215000
235627000
235672000
235673000
235674000
235746000
235799000
235838000
237008500
237011000
237014000
237015000
237027000
237029000
237034000
237045000
237046000
237048000
237050000
237058000
237059000
237063000
237070000
237078000
237079000
237086000
237089000
237097000
237108000
237112000
237119000
237123000
237127000
237129000
237131000
237132000
237142000
237147000
237148900
237149000
237151000
237155000
237161000
237163000
237164000
237168000
237171000
237175000
237178000
237179000
237180000
237190000
237205000
237206000
237214000
237215000
237216000
237218000
237220000
237221000
237228000
237248000
237255000
237256000
237257000
237262000
237287000
237291000
237292000
237295000
237299000
237299800
237302000
237312000
237313000
237316000
237318000
237329000
237333000
237334000
237335000
237337000
237343000
237344400
237345000
237346000
237347000
237348000
237349000
237350000
237363000
237364000
237366000
237370000
237371000
237374000
237376000
237382000
237383000
237387000
237390000
237400000
237401000
237402000
237418000
237428000
237430000
237431000
237435000
237438000
237439000
237441000
237444000
237445000
237446000
237448000
237450000
237453000
237456000
237457000
237468000
237470000
237475000
237478000
237482000
237484000
237487000
237506000
237516000
237517000
237525000
237526000
237534000
237535000
237536000
237538000
237539000
237540000
237544000
237546000
237547000
237552000
237553000
237556000
237558000
237562000
237565000
237566000
237567000
237570000
237586000
237589000
237591000
237599000
237602000
237604000
237610000
237613000
237615000
237618000
237622000
237624000
237625000
237638000
237654000
237656000
237662000
237664000
237665000
237687000
237688000
237697000
237698000
237699000
237801000
237802000
237805000
237809000
237814000
237850000
237852000
237870000
237871000
237876000
237880000
237881000
237883000
237885000
237887000
237889000
237900000
237905000
237911000
237914000
237915000
237918000
237919000
237920000
237922000
237924000
237930000
237934000
237954000
237958000
237959000
237961000
237962000
237963000
237968000
237980000
237983000
237993000
237994000
237996000
238000001
238000005
238001340
238007640
238010340
238014840
238016640
238017840
238019440
238019940
238037040
238102540
238103440
238111111
238114940
238116740
238116840
238117140
238117240
238117940
238123456
238150000
238152840
238160240
238161640
238162240
238180540
238192340
238197240
238217440
238277740
238279740
238281140
238284000
238288740
238294140
238299299
238300140
238308040
238309540
238316240
238316440
238337540
238343740
238361240
238361340
238366440
238369040
238381540
238390540
238400640
238400840
238403040
238411040
238413540
238416040
238420640
238424040
238429040
238443140
238443406
238448840
238451240
238469740
238469840
238506240
238536710
238547610
238556710
238561110
238563210
238572410
238581110
238582510
238583910
238592410
238598010
238604010
238613210
238621140
238621810
238622240
238622310
238623740
238624910
238625240
238641410
238644110
238647310
238649510
238654610
238655940
238669140
238673640
238675840
238743340
238744540
238751940
238752040
238752140
238752740
238757740
238759040
238764940
238765040
238765540
238769140
238770640
238771340
238771540
238778540
238790840
238791540
238791640
238794240
238795940
238798340
238825840
238836740
238837240
238838740
238880340
238882640
238887840
238889840
238892340
238896140
238898940
238899140
238899240
238900840
238902840
238905540
238909140
238914540
238939940
238947740
238955240
238955340
238957040
238958248
238961610
238963340
238967810
238972240
238975610
238982010
238983610
238984610
238988810
238989740
238990110
238993240
238998210
239013000
239016000
239017000
239020000
239021000
239022000
239023000
239028000
239031000
239044000
239050000
239053000
239055000
239056000
239058000
239062000
239066000
239068000
239079000
239083000
239084000
239085000
239086000
239088000
239093000
239094000
239096000
239097000
239098000
239100000
239101000
239114000
239116000
239117000
239118000
239120000
239122000
239123000
239128000
239130000
239132000
239136000
239139000
239143000
239146000
239149000
239155000
239174000
239176000
239177000
239178000
239186000
239188000
239213000
239222000
239224000
239228000
239233000
239235000
239236000
239240000
239253000
239266000
239272000
239296000
239305000
239315000
239321000
239323000
239324000
239329000
239330000
239331000
239340000
239343000
239344000
239383000
239385000
239391000
239398000
239400000
239406000
239409000
239420000
239423000
239424000
239433000
239436000
239459000
239462000
239467000
239468000
239472000
239479000
239506000
239510000
239526000
239538000
239565000
239583300
239588000
239599000
239683000
239686000
239707000
239734000
239750000
239845000
239901000
239977000
240020000
240021000
240030000
240063000
240096000
240099000
240102000
240104000
240105000
240107000
240112000
240120000
240131000
240137000
240150000
240153000
240164000
240219000
240220000
240222000
24022380
240229000
240231000
240234000
240238000
240248000
240250000
240251000
240252000
240253000
240254000
240255000
240259000
240274000
240280000
240281000
240298000
240303000
240304000
240312000
240314000
240315000
240324000
240331000
240332000
240337000
240338000
240367000
240374000
240376000
240384000
240387000
240393000
240394000
240396000
240397000
240398000
240401000
240404000
240406000
240407000
240417000
240418000
240419000
240426000
240427000
240428000
240429000
240430000
240440000
240442000
240449000
240450000
240452000
240456000
240457000
240459000
240460000
240461000
240474000
240484000
240496000
240526000
240535000
240536000
240550000
240552000
240570000
240588000
240632000
240643000
240686000
240700000
240705000
240707000
240724000
240737000
240759000
240802000
240819000
240854000
240895000
240910000
240994000
241005000
241020000
241021000
241045000
241065000
241091000
241110000
241119000
241140000
241666000
242149100
242963000
244010067
244010309
244010526
244012000
244020679
244031000
244032000
244035000
244038000
244042000
244043520
244049000
244050670
244050849
244053000
244060000
244060176
244062000
244070000
244075000
244077000
244083000
244090000
244090753
244095000
244100331
244100829
244102000
244108000
244119000
244157000
244165000
244174000
244175000
244179000
244188000
244197000
244205000
244211000
244212000
244213000
244221000
244225000
244228000
244245000
244250000
244256000
244260247
244263000
244277000
244293000
244299000
244305000
244309000
244323000
244328000
244345000
244355000
244358000
244377000
244381000
244399000
244427000
244434000
244436000
244446000
244470000
244507000
244525000
244529000
244541000
244563000
244567000
244572000
244573154
244577000
244583000
244586000
244592000
244605000
244610000
244615490
244620000
244620025
244620146
244620254
244630340
244634000
244637000
244644000
244646000
244658000
244659000
244660709
244668000
244669000
244670362
244670837
244670929
244672000
244684000
244686000
244687000
244690305
244691000
244710336
244710983
244718000
244721000
244731000
244740354
244740629
244740935
244742000
244750011
244750140
244750304
244750339
244750410
244750560
244750739
244759000
244763000
244770002
244770007
244770191
244770262
244774000
244775000
244780802
244780967
244786000
244790085
244790677
244790684
244790766
244792000
244798000
244801000
244806000
244809000
244810000
244810050
244810627
244810702
244815000
244818000
244820169
244830188
244836000
244842000
244846000
244850157
244854000
244860048
244860535
244860699
244869000
244870246
244873000
244877000
244907000
244916000
244932000
244938000
244954000
244957000
244959000
244965000
244977000
244982000
244987000
244991000
245016000
245019000
245053000
245071000
245084000
245100000
245106000
245148000
245150000
245158000
245159000
245161000
245178000
245185000
245202000
245220000
245224000
245228000
245235000
245244000
245247000
245252000
245253000
245254000
245262000
245263000
245264000
245265000
245269000
245273000
245276000
245282000
245283000
245287000
245293000
245308000
245310000
245316000
245325000
245331000
245333000
245336000
245341000
245348000
245352000
245364000
245366000
245369000
245370000
245378000
245390000
245408000
245415000
245416000
245436000
245441000
245442000
245449000
245456000
245458000
245473000
245476000
245498000
245502000
245504000
245520000
245527000
245530000
245542000
245544000
245553000
245562000
245564000
245567000
245571000
245572000
245575000
245587000
245598000
245612000
245617000
245633000
245647000
245655000
245660000
245663000
245665000
245667000
245700000
245703000
245710000
245715000
245731000
245737000
245738000
245744000
245748000
245766000
245771000
245775000
245794000
245795000
245811000
245813000
245836000
245841000
245856000
245873000
245878000
245883000
245899000
245914000
245922000
245928000
24593300
245954000
245991000
245993000
246005000
246009000
246014000
246015000
246027000
246030000
246032000
246047000
246052000
246054000
246057000
246065000
246068000
246075000
246092000
246095000
246101000
246105000
246107000
246112000
246135000
246136000
246143000
246145000
246150000
246155000
246161000
246176000
246182000
246183000
246184000
246189000
246202000
246204000
246206000
246209000
246214000
246222000
246225000
246226000
246233000
246238000
246250000
246256000
246269000
246273000
246274000
246296000
246299000
246314000
246327000
246338000
246339000
246364000
246372000
246378000
246417000
246426000
246429000
246431000
246437000
246439000
246459000
246464000
246485000
246489000
246492000
246503000
246504000
246511000
246516000
246557000
246570000
246722000
246742000
246749000
246784000
246833000
246884000
247030160
247030180
247030330
247030470
247030610
247030620
247030770
247030820
247030840
247030890
247030920
247041390
247041430
247041470
247041590
247042200
247042520
247042630
247042850
247044750
247044790
247044850
247044870
247044920
247044970
247044980
247045140
247045160
247045180
247045770
247047710
247048870
247048880
247048960
247048990
247049190
247049210
247049260
247049280
247049430
247049440
247049490
247050110
247050170
247050180
247050220
247050230
247050430
247050440
247050450
247050480
247050520
247050620
247050630
247050640
247050740
247050760
247050790
247050810
247050830
247050890
247050940
247050950
247050970
247050980
247050990
247051020
247051030
247051040
247051080
247051150
247051190
247051210
247051220
247051230
247051240
247051410
247051450
247051550
247051560
247051730
247051740
247051770
247051820
247051830
247051840
247051860
247051910
247051920
247051930
247051950
247051980
247052110
247052330
247052380
247052440
247052530
247052550
247052570
247052590
247052680
247052710
247052760
247052930
247053040
247053060
247053120
247053160
247053370
247053420
247053530
247053540
247053550
247053580
247053620
247053680
247053710
247053720
247053780
247053790
247053820
247053910
247053950
247054010
247054030
247054040
247054080
247054090
247054120
247054130
247054170
247054440
247054450
247054650
247054740
247054750
247055020
247055030
247055400
247055540
247055570
247056610
247056620
247058200
247059800
247060770
247061610
247061650
247061680
247061690
247061710
247061720
247061730
247061750
247062140
247063180
247063240
247063270
247063280
247063310
247063430
247063450
247063630
247064470
247064760
247064930
247065200
247065440
247065580
247065610
247065640
247065650
247065670
247065680
247065690
247065710
247065720
247065740
247065750
247065940
247066180
247066220
247066860
247066930
247067010
247067620
247067730
247068070
247068080
247068110
247068130
247069490
247069980
247070230
247070360
247070530
247070540
247070590
247070600
247070640
247070650
247070660
247070670
247070700
247070710
247070730
247070740
247070780
247070790
247070830
247070840
247070850
247070880
247070890
247070960
247070970
247070990
247071010
247071020
247071030
247071040
247071050
247071060
247071070
247071120
247071170
247071380
247071420
247071890
247071910
247071930
247071940
247071970
247072380
247072680
247072720
247072740
247072770
247072810
247072820
247072840
247072850
247073060
247073090
247073510
247073550
247073570
247074210
247074260
247074420
247074630
247074640
247074670
247074680
247074840
247075010
247075870
247075970
247076010
247076150
247076320
247076460
247076620
247076860
247077190
247077280
247077970
247079050
247080210
247080240
247080270
247080290
247080330
247080360
247080410
247080420
247080530
247080550
247080650
247080670
247080750
247080770
247080780
247080810
247080820
247080840
247080850
247080890
247080910
247080920
247080960
247080970
247081050
247081060
247081090
247081150
247081170
247081180
247081190
247081220
247081230
247081240
247081250
247081260
247081270
247081290
247081340
247081370
247081380
247081390
247081430
247081440
247081470
247081490
247081510
247081520
247081540
247081550
247081560
247081570
247081580
247081590
247081610
247081650
247081660
247081670
247081680
247081690
247081710
247081720
247081730
247081740
247081850
247081890
247081930
247081980
247081990
247082030
247082060
247082090
247082290
247082320
247082420
247082520
247082560
247082580
247082740
247082820
247082830
247082840
247083060
247083070
247083140
247083150
247083170
247083180
247083190
247083210
247083220
247083230
247083240
247083250
247083260
247083280
247083320
247083350
247083370
247083380
247083390
247083400
247083410
247083420
247083440
247083450
247083460
247083470
247083480
247083490
247083500
247083520
247083530
247083540
247083550
247083560
247083630
247083860
247083890
247083920
247083940
247083960
247084010
247084040
247084290
247084310
247084320
247084380
247084450
247084470
247084520
247084610
247084670
247084730
247084740
247084790
247084960
247085190
247085340
247085360
247085680
247085750
247085770
247085860
247085990
247086160
247086280
247086570
247086590
247086860
247086980
247087020
247087070
247087080
247087090
247087260
247087510
247087540
247087650
247087940
247088050
247088060
247088420
247090850
247090860
247090910
247090930
247090950
247091060
247091080
247091110
247091120
247091130
247091160
247091570
247091620
247092230
247092240
247092290
247092310
247092320
247092330
247092370
247092380
247092390
247092750
247092780
247092790
247092810
247092830
247092850
247092860
247092870
247092890
247092950
247092970
247092980
247092990
247093010
247093030
247093040
247093050
247094040
247094050
247094080
247094120
247094150
247094170
247094190
247094220
247094260
247094280
247094310
247094320
247094330
247094360
247094370
247094410
247094480
247094550
247094570
247094630
247094940
247094960
247096440
247096450
247096470
247096930
247097280
247099180
247099190
247099210
247099280
247099330
247099360
247099420
247099790
247099810
247099820
247099830
247100020
247100040
247100050
247100070
247100080
247100110
247100190
247100250
247100260
247100270
247100290
247100320
247100330
247100350
247100360
247100390
247100410
247100420
247100430
247100440
247100450
247100460
247100470
247100480
247100490
247100510
247100520
247100530
247100540
247100550
247100570
247100580
247100590
247100620
247100630
247100640
247100680
247100690
247100710
247100740
247100770
247100780
247100790
247100910
247100920
247100930
247100960
247101020
247101050
247101120
247101140
247101170
247101230
247101250
247101270
247101310
247101320
247101330
247101340
247101370
247101430
247101440
247101490
247101510
247101520
247101540
247101550
247101590
247101610
247101630
247101820
247102020
247102070
247102080
247102180
247102190
247102210
247102240
247102330
247102380
247102410
247102490
247102560
247102720
247102730
247102750
247102810
247102850
247102860
247102940
247102990
247103040
247103060
247103130
247103220
247103290
247103330
247103430
247103510
247103560
247103690
247103750
247103780
247104060
247104160
247104260
247108400
247110060
247110080
247110120
247110130
247110160
247110170
247110180
247110190
247110330
247110360
247110380
247110430
247110440
247110550
247110770
247110810
247110830
247110850
247110880
247110970
247110980
247111020
247111260
247111270
247111480
247111530
247111680
247111730
247111780
247111950
247112110
247113010
247113090
247113150
247113290
247113390
247113670
247113720
247113730
247113940
247113950
247113970
247114040
247114150
247114410
247114610
247118040
247118400
247118500
247119090
247119740
247119770
247120130
247120160
247120170
247120180
247120230
247120240
247120340
247120370
247120390
247120430
247120440
247120450
247120470
247120480
247120490
247120500
247120520
247120550
247120560
247120602
247120640
247120670
247120710
247120760
247120820
247120850
247120860
247120870
247120910
247120950
247120960
247120970
247120980
247121010
247121020
247121080
247121090
247121110
247121120
247121150
247121160
247121180
247121190
247121210
247121220
247121240
247121250
247121260
247121270
247121280
247121290
247121310
247121340
247121370
247121380
247121420
247121430
247121440
247121530
247121540
247121590
247121620
247121660
247121680
247121710
247121730
247121790
247121820
247121850
247121920
247121970
247122020
247122030
247122040
247122080
247122090
247122110
247122130
247122150
247122180
247122190
247122210
247122220
247122240
247122250
247122310
247122320
247122330
247122340
247122350
247122360
247122430
247122450
247122460
247122490
247122510
247122520
247122640
247122670
247122850
247123020
247123030
247123060
247123070
247123080
247123150
247123160
247123250
247123290
247123490
247123530
247123630
247123650
247123680
247123710
247123740
247123860
247123880
247123920
247123930
247123970
247124010
247124220
247124390
247124510
247124540
247124560
247124610
247124710
247124830
247125050
247125260
247125340
247125380
247125580
247125620
247125630
247125640
247125650
247125680
247125730
247126260
247126690
247126820
247126890
247127020
247127120
247127130
247127390
247127450
247127890
247128370
247128810
247129960
247130010
247130060
247130170
247130230
247130250
247130290
247130320
247130370
247130410
247130610
247130630
247130650
247130710
247130740
247130750
247130760
247130830
247130850
247130860
247131080
247131090
247131130
247131140
247131160
247131310
247131320
247131370
247131440
247131490
247131580
247131610
247131670
247131680
247131710
247131770
247131930
247131980
247132010
247132020
247132480
247132540
247132590
247132680
247132750
247133170
247133470
247133520
247133560
247133570
247133620
247133630
247134010
247139500
247140040
247140080
247140110
247140160
247140170
247140180
247140190
247140210
247140220
247140240
247140280
247140320
247140330
247140340
247140370
247140410
247140420
247140450
247140460
247140520
247140560
247140580
247140610
247140670
247140710
247140740
247140750
247140770
247140780
247140790
247140830
247140840
247140850
247140880
247140920
247140930
247140950
247140990
247141010
247141020
247141040
247141130
247141160
247141170
247141200
247141210
247141230
247141250
247141290
247141310
247141340
247141350
247141360
247141390
247141410
247141490
247141610
247141630
247141660
247141690
247141720
247141730
247141810
247141850
247141860
247141870
247141890
247141910
247141920
247141940
247141960
247141970
247142020
247142050
247142070
247142080
247142090
247142130
247142150
247142170
247142180
247142190
247142250
247142280
247142290
247142320
247142340
247142430
247142440
247142450
247142460
247142480
247142510
247142520
247142580
247142610
247142630
247142710
247142720
247142730
247142750
247142770
247142780
247142790
247142820
247142830
247142840
247142860
247142880
247142920
247142940
247142960
247142970
247142990
247143030
247143070
247143080
247143120
247143140
247143150
247143160
247143190
247143230
247143330
247143370
247143410
247143430
247143440
247143470
247143540
247143580
247143620
247143640
247143660
247143680
247143690
247143760
247143780
247143810
247143820
247143830
247143860
247143890
247143930
247143940
247144080
247144090
247144110
247144120
247144130
247144150
247144220
247144230
247144240
247144260
247144270
247144310
247144350
247144390
247144420
247144430
247144480
247144490
247144560
247144580
247144640
247144650
247144660
247144750
247144870
247144880
247144890
247144910
247144920
247145010
247145020
247145030
247145050
247145060
247145080
247145120
247145170
247145190
247145250
247145270
247145290
247145370
247145410
247145460
247145470
247145510
247145580
247145650
247145660
247145710
247145720
247145750
247145790
247145820
247145850
247145870
247146010
247146020
247146030
247146040
247146060
247146110
247146120
247146130
247146140
247146190
247146220
247146230
247146240
247146270
247146290
247146320
247146410
247146440
247146450
247146550
247146590
247146610
247146630
247146640
247146650
247146750
247146770
247146830
247146890
247146910
247146920
247146950
247146970
247147040
247147080
247147090
247147190
247147230
247147280
247147290
247147310
247147320
247147340
247147350
247147370
247147380
247147390
247147410
247147420
247147450
247147460
247147480
247147510
247147560
247147570
247147590
247147620
247147630
247147660
247147720
247147730
247147750
247147780
247147880
247147950
247148110
247148120
247148150
247148190
247148210
247148270
247148370
247148620
247148660
247148670
247148780
247148880
247148950
247148960
247149010
247149020
247149150
247149160
247149190
247149250
247149280
247149380
247149410
247149480
247149490
247149630
247149640
247149660
247149670
247149790
247149810
247149860
247149950
247149980
247150040
247150050
247150160
247150170
247150210
247150270
247150350
247150830
247150870
247150930
247150980
247150990
247151010
247151030
247151060
247151080
247151110
247151150
247151160
247151280
247151290
247151310
247151671
247151690
247151730
247151810
247151920
247151930
247151940
247151950
247151980
247151990
247152010
247152020
247152080
247152130
247152140
247152210
247152250
247152290
247152310
247152510
247152630
247152810
247153630
247154230
247154490
247154620
247155040
247155180
247155210
247155630
247156090
247156120
247156780
247158700
247185500
247200340
247202490
247202650
247202750
247220040
247220050
247220130
247220290
247220620
247222060
247228800
247230360
247231980
247231990
247239900
247250120
247250630
247250760
247252810
247252970
247255060
247280280
247280590
247280790
247280830
247280940
247281240
247281250
247281290
247281420
247281510
247281540
247300010
247300030
247300040
247300080
247300110
247300130
247300170
247300180
247300220
247300240
247300290
247300320
247300340
247300350
247300430
247300480
247300570
247300760
247300850
247300860
247300910
247300930
247300940
247300990
247301080
247301090
247301120
247301460
247301700
247301980
247302190
247302220
247302320
247302330
247302360
247302370
247302380
247302510
247302520
247302670
247302720
247302920
247303180
247303280
247303340
247303390
247304290
247304620
247304660
247304770
247304930
247304980
247305070
247305470
247305480
247305540
247305830
247305840
247305860
247306030
247306040
247306490
247306520
247306530
247306670
247306970
247306990
247307130
247308420
247308540
247309110
247309550
247354400
248000020
248000150
248000190
248000280
248000368
248000420
248000540
248000728
248040000
249000210
249000250
249000270
249000980
250000054
250000092
250000096
250000097
250000135
250000141
250000199
250000213
250000214
250000216
250000264
250000283
250000309
250000315
250000322
250000329
250000361
250000387
250000399
250000433
250000465
250000466
250000511
250000516
250000527
250000528
250000546
250000557
250000567
250000594
250000608
250000626
250000633
250000657
250000658
250000699
250000707
250000764
250000775
250000854
250000884
250000885
250000887
250000897
250000917
250000954
250000957
250000958
250001048
250001093
250001121
250001142
250001143
250001151
25000116
250001166
250001269
250001293
250001333
250001339
250001415
250001421
250001491
250001559
250001597
250001656
250001676
250001702
250001718
250001765
250001767
250001769
250001885
250001911
250002023
250002036
250002132
250002223
250002264
250002268
250002299
250002366
250002378
250002396
250002424
250002427
250002435
250002464
250002465
250002475
250002504
250002513
250002516
250002562
250002574
250002601
250002664
250002704
250002714
250002727
250002759
250002788
250002836
250002855
250002872
250002876
250002882
250002886
250002896
250002992
250003013
250003127
250003137
250003201
250003367
250003397
250003404
250003406
250003407
250036000
250101700
250101800
250101900
250102600
250102660
250102700
250102800
250102900
250103600
250103700
250104600
250104640
250104700
250104850
250104890
250104900
250105550
250105600
250105700
250105800
250105840
250106400
250106580
250106600
250106800
250107700
250115460
250116400
250116470
250117400
250122460
250126460
250136400
250140400
250142400
250165000
250177000
250184000
250186000
250190000
250206000
250220000
250230000
250240000
250261000
250262000
250264000
250267000
250269000
250273000
250292000
250310000
250350000
250365000
250369000
250370000
250390000
250397000
250401000
250419000
250428000
250429000
250438000
250440000
250444000
250470000
250484000
250486000
250493000
250494000
250495000
250512000
250513000
251211110
255401370
255401480
255401690
255402260
255402570
255402650
255402880
255402890
255500118
255501000
255502000
256000058
256000325
256000512
256000513
256000534
256000655
256000656
256000684
257155000
257629500
258139000
258261000
259131000
259539000
261000630
261000660
261000700
261000720
261000830
261000970
261001030
261001180
261001200
261001310
261001400
261001410
261001540
261001590
261001620
261001660
261001700
261001740
261001760
261001870
261001880
261002160
261002370
261002420
261002431
261002520
261002530
261002560
261002720
261002730
261002850
261002910
261002920
261003060
261003090
261003190
261003220
261003230
261003310
261003530
261003620
261003640
261003650
261003710
261003890
261003910
261003920
261003970
261003990
261004050
261004060
261004260
261004280
261004340
261004380
261004390
261004430
261004440
261004780
261004830
261004850
261004860
261004870
261004990
261005080
261005090
261005180
261005260
261005270
261005330
261005510
261005580
261005970
261006050
261006090
261006140
261006570
261006770
261006780
261006830
261006840
261006860
261006870
261006880
261006890
261006910
261006940
261007120
261007170
261007210
261007360
261007370
261007820
261007860
261007950
261008030
261008070
261008900
261009030
261009040
261009080
261010020
261010060
261010250
261010430
261010640
261010820
261010830
261010840
261011050
261011090
261011110
261011430
261011540
261011770
261012090
261012460
261012560
261012880
261013080
261014160
261014360
261015270
261016430
261018440
261018980
261020570
261020690
261020840
261021270
261023870
261024680
261025890
261025910
261028620
26103770
261383000
261497000
261518000
261522000
263208000
263214000
263232000
263235000
263236000
263237000
263241000
263249000
263256000
263266000
263271000
263274000
263275000
263279000
263282000
263286000
263290000
263294000
263302000
263307000
263311000
263312000
263314000
263315000
263319000
263329000
263341000
263356000
263363000
263365000
263377000
263381000
263388000
263395000
263401250
263401270
263401340
263401480
263401550
263401580
263401590
263401650
263401660
263401680
263401690
263401760
263401780
263401880
263402280
263402290
263402350
263402370
263402450
263402580
263402680
263402760
263402770
263402840
263402890
263403390
263403780
263404460
263404660
263404870
263405240
263405380
263405470
263405570
263405940
263406260
263406341
263406440
263406560
263406570
263406690
263406740
263406760
263406770
263406860
263406940
263407240
263407280
263407290
263407340
263407390
263407470
263407550
263407670
263407690
263407750
263407860
263407870
263408000
263408240
263408340
263408350
263408380
263408470
263408560
263408570
263408670
263408950
263409360
263409950
263410460
263410690
263410840
263410850
263410880
263410890
263410940
263411260
263411270
263411290
263411555
263411680
263411970
263412090
263412360
263412460
263412470
263412560
263412840
263412870
263412960
263413350
263413370
263413680
263413770
263413850
263413870
263413950
263414290
263414480
263414560
263414640
263414760
263414960
263414970
263415250
263415290
263415640
263415870
263416760
263416770
263418250
263418780
263419290
263419760
263419980
263420240
263420260
263420450
263420690
263421000
263421980
263422240
263422760
263422770
263422780
263422970
263426980
263427000
263427750
263429640
263430540
263432000
263433000
263434000
263435000
263438000
263439000
263442000
263446000
263447000
263450000
263451000
263457000
263462000
263470000
263474000
263477000
263482000
263486000
263500170
263500201
263500208
263500212
263500216
263500225
263500261
263500263
263500286
263500291
263500304
263500335
263500360
263501000
263502000
263503000
263507000
263509000
263512000
263514000
263516000
263517000
263528000
263531000
263533000
263540000
263546000
263551000
263555000
263564000
263569000
263570000
263574000
263575000
263576000
263577000
263578000
263581000
263582000
263583000
263584000
263586000
263821000
263823000
265349000
265457000
265465000
265483000
265502370
265502840
265503070
265504320
265511890
265535610
265536090
265536200
265563480
265571280
265586020
265586270
265588050
265588470
265600190
265606230
265606310
265606860
265608620
265611970
265612240
265612260
265613340
265616510
265619590
265626160
265629560
265630670
265630900
265631320
265632550
265634070
265635420
265635620
265635810
265636700
265639120
265640570
265643510
265645290
265646610
265648390
265648570
265648680
265649990
265650120
265651066
265651880
265653530
265656780
265658830
265660130
265660180
265661180
265665860
265666680
265667690
265668860
265669640
265670930
265671520
265674000
265674430
265674890
265676610
265677890
265678200
265678430
265680790
265681130
265681420
265685970
265686850
265687420
265687790
265687900
265687960
265688640
265689870
265690240
265691740
265692440
265694730
265695220
265699610
265701830
265703000
265704000
265704020
265704430
265708000
265708380
265710440
265710690
265716000
265718640
265720160
265722000
265724390
265730370
265737300
265737870
265739050
265741440
265745020
265746000
265749580
265750000
265750480
265750540
265751000
265752900
265753490
265754000
265755000
265755890
265757320
265765000
265769000
265770000
265779000
265781000
265785000
265786000
265787000
265803000
265804000
265816000
265817000
265824000
265858000
266011000
266045000
266048000
266050000
266052000
266053000
266054000
266055000
266057000
266059000
266062000
266064000
266065000
266066000
266068000
266076000
266077000
266081000
266082000
266083000
266085000
266086000
266088000
266091000
266095000
266097000
266099000
266101000
266128000
266136000
266137000
266139000
266142000
266143000
266145000
266147000
266148000
266150000
266154000
266156000
266157000
266158000
266159000
266160000
266161000
266163000
266164000
266166000
266169000
266170000
266173000
266174000
266180000
266186000
266199000
266205000
266208000
266245000
266254000
266274000
266285000
266302000
266306000
266315000
266319000
266322000
266326000
266332000
266346000
266348000
266349000
266352000
266353000
266354000
266358000
266359000
266360000
266361000
266366000
266367000
266371000
266378000
266383000
266384000
266388000
266389000
266390000
266397000
266404000
266406000
266408000
266409000
266410000
266414000
266424000
266426000
266427000
266440000
271001199
271002463
271008508
271010428
271040047
271042548
271043430
271056002
271056004
271056028
271056035
271056036
271056039
271056043
271056052
271056068
271062029
271062042
271062045
271062046
271062048
271062059
271062068
271062093
271069003
271069010
271069011
271069041
271072038
271072077
271072106
271072107
271072109
271072121
271072127
271072145
271072163
271072174
271072201
271072204
271072214
271072268
271072288
271072306
271072364
271072372
271072387
271072388
271072397
271072403
271072404
271072405
271072408
271072420
271072449
271072459
271072478
271072507
271072514
271072516
271072529
271072538
271072569
271072583
271072603
271072607
271072766
271072871
271073019
272208000
272364000
273338570
273341320
273349130
273350650
273350850
273352910
273354130
273356760
273522400
273526800
273527800
273528800
273854000
275009000
275016000
275019000
275026000
275053000
275058000
275062000
275064000
275072000
275086000
275094000
275098000
275099000
275107000
275127000
275129000
275131000
275136000
275141000
275143000
275151000
275162000
275164000
275169000
275171000
275173000
275190000
275191000
275200000
275210000
275214000
275218000
275220000
275221000
275222000
275223000
275226000
275228000
275230000
275231000
275232000
275237000
275238000
275239000
275244000
275247000
275248000
275258000
275268000
275270000
275271000
275272000
275273000
275312000
275407000
275412000
275414000
275416000
275420000
275422000
275423000
275424000
275425000
275440000
275444000
275448000
275453000
275454000
275455000
275460000
275461000
276001830
276103000
276152000
276167000
276174000
276182000
276187000
276209000
276276000
276282000
276299000
276326000
276370000
276371000
276377000
276381000
276385000
276388000
276428000
276458000
276544000
276598000
276643000
276659000
276761000
276785000
276787000
276790000
276806000
276811000
276825000
277029000
277030000
277047000
277176000
277185000
277186000
277187000
277189000
277194000
277205000
277206000
277207000
277210000
277213000
277214000
277215000
277217000
277222000
277233000
277253000
277275000
277290000
277330000
277336000
277346000
277354000
277442000
277506000
277510000
277511000
277512000
277519000
277524000
277538000
278095000
278526000
278538000
300472502
303137000
303324000
303343000
303345000
303679000
306094000
306783000
312028000
312422000
312590000
312854000
312864000
312888000
312897000
316001021
316001125
316001649
316002310
316002732
316002839
316002956
316003050
316003459
316003481
316003957
316004685
316004771
316005485
316006847
316006888
316007587
316010543
316012074
316018816
316024796
316028083
332001000
338001016
338013000
338060008
338074000
338123766
338145032
338150531
338192000
338200347
338287000
338298000
338351000
338381000
338382000
338394000
338539000
338540000
338622000
338712000
338757000
338793000
338873000
345040700
345050700
345080022
345080500
345080700
345080900
345140500
352419000
352577000
353038000
353171000
353490000
354622000
355651000
356394000
356567000
357788000
359001000
359002000
359003000
359004000
361001100
365878412
366020000
366177430
366207630
366207650
366211560
366218540
366245070
366270000
366304000
366398180
366547000
366736360
366738920
366749490
366765570
366794430
366827000
366831470
366857640
366864550
366865770
366877090
366878000
366893340
366900670
366903000
366912540
366920560
366933360
366934000
366934770
366941290
366943720
366951350
366954430
366967350
366979610
366980030
366993790
367005320
367008260
367010750
367019950
367020280
367028360
367030568
367040420
367040650
367046890
367051920
367056030
367059830
367060690
367061930
367070360
367073740
367074460
367078130
367078530
367079190
367079690
367084000
367086860
367092680
367092720
367098480
367103350
367104150
367104160
367104170
367104180
367113000
367119910
367125970
367129120
367131750
367134180
367134190
367138310
367138430
367147350
367147830
367149920
367151830
367156340
367157650
367159840
367161340
367161930
367162190
367165240
367168000
367170000
367171320
367172260
367174580
367176750
367179000
367185620
367187480
367192880
367304850
367313170
367318950
367318980
367323610
367324020
367326480
367331760
367332090
367333000
367338850
367340120
367340920
367344000
367347000
367348005
367358380
367359220
367364340
367366210
367373350
367377660
367379720
367383720
367384410
367384840
367389120
367391340
367399460
367401480
367402670
367426660
367428110
367433490
367433640
367440980
367442160
367444510
367449320
367451380
367456560
367463000
367466000
367466760
367474160
367475320
367478370
367482960
367485560
367485730
367500440
367502180
367512110
367512170
367512180
367512510
367528380
367530210
367533740
367534310
367537080
367542870
367548870
367551660
367559610
367561420
367571490
367574030
367575760
367578250
367591580
367593260
367594790
367595380
367600390
367614640
367617260
367633670
367636870
36764000
367640000
367666000
367673480
367676370
367680850
367684410
367699620
367704000
367721000
367767000
367778000
367874400
368046000
368048000
368056000
368083000
368206000
368489000
368578000
368652000
368699000
369354000
369519000
370599000
371106000
371224000
371696000
371789000
372527000
372880000
374573000
412200115
412200116
412201817
412201818
412201849
412201851
412205130
412205140
412209183
412209233
412209234
412217989
412217999
412270001
412270002
412270024
412270057
412270058
412270059
412280982
412283999
412300365
412320019
412320021
412320023
412320024
412320025
412320026
412324380
412324390
412326560
412326877
412326881
412326882
412326893
412326894
412326895
412326896
412326901
412326902
412326904
412326905
412326906
412328714
412328724
412328726
412328728
412328731
412328742
412328755
412328756
412328757
412328758
412328759
412328761
412328783
412329402
412329403
412329416
412329417
412329418
412329426
412331014
412331026
412331029
412331031
412331051
412331078
412331079
412331086
412331099
412331101
412331102
412331103
412331104
412331105
412331122
412331123
412333333
412348301
412354264
412354266
412354268
412354269
412370006
412370007
412370008
412371178
412371179
412371181
412371182
412371191
412371192
412371194
412371197
412371198
412371206
412371207
412371208
412420109
412420236
412420237
412420238
412420239
412420433
412420434
412420435
412420436
412420582
412420583
412420584
412420585
412420596
412420812
412420817
412420818
412420819
412420821
412420846
412420848
412420849
412420851
412420863
412420864
412420865
412420875
412420876
412420877
412420891
412420892
412420896
412420901
412420903
412420905
412420906
412420911
412420913
412420915
412420918
412420919
412420985
412439604
412439605
412439607
412440029
412440031
412440032
412460001
412460002
412460003
412460004
412460005
412460006
412460007
412460008
412460009
412460022
412460029
412460043
412460053
412460066
412460073
412460074
412460075
412460083
412460084
412460111
412460112
412460113
412460114
412460115
412460116
412460117
412460118
412460278
412460279
412460281
412460282
412460283
412460284
412460285
412460286
412460287
412460288
412460289
412460295
412460296
412460297
412460299
412463406
412470420
412470430
412480433
412480434
412500156
412500157
412500244
412500245
412658750
412658760
412674190
412676430
412679030
412679040
412679050
412679210
412679230
412679240
412685210
412685220
412687090
412687110
412687120
412687130
412687140
412687150
412687160
412687180
412689320
412689850
412689860
412689870
412689880
412690490
412690510
412691310
412691520
412691530
412691540
412691550
412694520
412694550
412694560
412694570
412694580
412694590
412694610
412694840
412695170
412695180
412695430
412695490
412695550
412695580
412695760
412696980
412696990
412698180
412698190
412699440
412699450
412699460
412699470
412699510
412699520
412699530
412699540
412699550
412699560
412699570
412699950
412763490
412764850
412926000
412985000
412993000
413011000
413032000
413034000
413201090
413219000
413222000
413224000
413236000
413270220
413270430
413278000
413298000
413300480
413321680
413322680
413322690
413322760
413322770
413340000
413341000
413342000
413343000
413344000
413345000
413462010
413501950
416000029
416000139
416000141
416000143
416000144
416000154
416000159
416000189
416000195
416000199
416000205
416000212
416000221
416000222
416000235
416000236
416000237
416000238
416000251
416000299
416000301
416000307
416000344
416000347
416000356
416000357
416000361
416000369
416000373
416000385
416000391
416000394
416000398
416000402
416000415
416000429
416000445
416000446
416000448
416000456
416000459
416000461
416000462
416000464
416000466
416000486
416000502
416000528
416000538
416000547
416000588
416000592
416000625
416000636
416000639
416000698
416000699
416000737
416000761
416000776
416000783
416000784
416000788
416000804
416000806
416000817
416000818
416000819
416000855
416000934
416000936
416000943
416000947
416000959
416000961
416000974
416000977
416000978
416000986
416000999
416001013
416001033
416001036
416001043
416001047
416001063
416001117
416001126
416001224
416001225
416001228
416001235
416001238
416001241
416001245
416001246
416001252
416001255
416001265
416001271
416001306
416001327
416001354
416001355
416001356
416001358
416001413
416001414
416001415
416001418
416001421
416001424
416001425
416001427
416001437
416001446
416001456
416001458
416001468
416001476
416001479
416001486
416001491
416001500
416001504
416001519
416001521
416001531
416001549
416001558
416001567
416001576
416001591
416001659
416001661
416001678
416001717
416001735
416001745
416001758
416001769
416001774
416001787
416001792
416001795
416001799
416001800
416001814
416001833
416001838
416001845
416001900
41600201
416002017
416002039
416002066
416002067
416002084
416002092
416002096
416002099
416002101
416002109
416002113
416002114
416002116
416002117
416002121
416002124
416002135
416002141
416002142
416002147
416002151
416002155
416002157
416002162
416002164
416002173
416002175
416002178
416002195
416002201
416002206
416002216
416002269
416002271
416002281
416002286
416002287
416002289
416002291
416002298
416002304
416002338
416002343
416002348
416002356
416002357
416002362
416002363
416002383
416002393
416002404
416002425
416002444
416002445
416002446
416002447
416002465
416002474
416002477
416002481
416002491
416002492
416002494
416002506
416002507
416002514
416002515
416002526
416002533
416002537
416002553
416002556
416002566
416002568
416002569
416002581
416002586
416002596
416002602
416002604
416002605
416002615
416002632
416002636
416002639
416002642
416002643
416002646
416002655
416002675
416002681
416002682
416002686
416002732
416002744
416002745
416002755
416002766
416002767
416002768
416002779
416002794
416002813
416002825
416002826
416002839
416002841
416002858
416002859
416002864
416002865
416002875
416002876
416002888
416002893
416002896
416002904
416002914
416002933
416002934
416002944
416002948
416002962
416002973
416002983
416002989
416002997
416002998
416003021
416003068
416003071
416003073
416003074
416003089
416003113
416003173
416003189
416003192
416003203
416003205
416003222
416003223
416003224
416003236
416003306
416003371
416003413
416003417
416003418
416003429
416003444
416003445
416003451
416003466
416003496
416003505
416003541
416003561
416003575
416003600
416003643
416003676
416003684
416003700
416003724
416003735
416003741
416003788
416003814
416003867
416003881
416003933
416003955
416003974
416003984
416004000
416004044
416004048
416004049
416004058
416004062
416004073
416004098
416004158
416004197
416004203
416004204
416004242
416004245
416004246
416004268
416004279
416004299
416004329
416004339
416004342
416004344
416004363
416004367
416004368
416004369
416004375
416004378
416004409
416004411
416004418
416004421
416004427
416004442
416004453
416004463
416004469
416004473
416004485
416004507
416004582
416004583
416004594
416004624
416004635
416004648
416004675
416004687
416004704
416004708
416004718
416004728
416004747
416004759
416004773
416004790
416004797
416004810
416004831
416004839
416004859
416004865
416005033
416005500
416008800
416010900
416015700
416016600
416017500
416032700
416035800
416036600
416039500
416043800
416047600
416052600
416053500
416055600
416058700
416069500
416071500
416072600
416077500
416079500
416082900
416084500
416086600
416088900
416091600
416091900
416094500
416097500
416099800
416101800
416101900
416102500
416112600
416116500
416118500
416119800
416119900
416120500
416120600
416121700
416121800
416121900
416122800
416123900
416124600
416126800
416127900
416128800
416129700
416136900
416142600
416146700
416154700
416164600
416165700
416167600
416167900
416168500
416168600
416171600
416171700
416173500
416173900
416174900
416175800
416176700
416180800
416182700
416187800
416189600
416193900
416194500
416196600
416196700
416199700
416199800
416200800
416201800
416202700
416202800
416203600
416209800
416209900
416210600
416210900
416211900
416212600
416213700
416213800
416214600
416214700
416217500
416217800
416218500
416218600
416218900
416219600
416220600
416220800
416220900
416221800
416221900
416222700
416223700
416225500
416226600
416226700
416227600
416228600
416229500
416229600
416229900
416230500
416230600
416230800
416231500
4162316
416232500
416232600
416232800
416232900
416233500
416233600
416234700
416234800
416235500
416235600
416237500
416237600
416237700
416237800
416238700
416238800
416239700
416240800
416240900
416242800
416242900
416243600
416243700
416245700
416245800
416245900
416247500
416247600
416247900
416248600
416298160
416303000
416308000
416311000
416313000
416329000
416333000
416338000
416342000
416348000
416349000
416353000
416368000
416379000
416411000
416500000
416501000
416503000
416506000
416508000
416532000
416549000
416574000
416602000
416623000
416631000
416641000
416702000
416704000
416705000
416717000
416730000
416731000
416768000
416770000
416771000
416773000
416775000
416779000
416785000
416803000
416804000
416808000
416815000
416822000
416826000
416833000
416836000
416853000
416863000
416864000
416867000
416869000
416889000
416891000
416892000
416894000
416895000
416898000
416899000
419740310
419900150
419900160
419900400
422573000
422802062
431006099
431022000
431028000
431032000
431038000
431053000
431067000
431070000
431100030
431100850
431101210
431101320
431116000
431128000
431135000
431137000
431147000
431154000
431155000
431159000
431167000
431171000
431175000
431182000
431200060
431200730
431200740
431200880
431200910
431200970
431200990
431206000
431225000
431245000
431251000
431253000
431254000
431255000
431258000
431263000
431272000
431298000
431301296
431308000
431310000
431316000
431329000
431331000
431377000
431380000
431382000
431395000
431399000
431424000
431444000
431457000
431465000
431469000
431482000
431487000
431490000
431500040
431500120
431500180
431500430
431500460
431500470
431500530
431500836
431500911
431500990
431501186
431501404
431503000
431509000
431511000
431523000
43155900
431600220
431600275
431600640
431600950
431602020
431602130
431602220
431602240
431602260
431602342
431602530
431602620
431602690
431602890
431603120
431612000
431613000
431617000
431620000
431659000
431670000
431671000
431679000
431680000
431680360
431680680
431682000
431686000
431693000
431696000
431698000
431700030
431700060
431700130
431700140
431700150
431700190
431700200
431700210
431700260
431700550
431700660
431700830
431700970
431700980
431701010
431701650
431701670
431701780
431701990
431702040
431702130
431702140
431702230
431702470
431702510
431702550
431702580
431702640
431702850
431702990
431703560
431703660
431703710
431703970
431704210
431704330
431704420
431704490
431704520
431710000
431714000
431722000
431725000
431731000
431739000
431750000
431753000
431768000
431769000
431770000
431782000
431791000
431795000
431796000
431797000
431798000
431799000
431801000
431802000
431809000
431812000
431813000
431817000
431828000
431838000
431853000
431855000
431864000
431866000
431869000
431873000
431889000
431893000
431903000
431914000
431919000
431927000
431932000
431935000
431938000
432007000
432008000
432045000
432057000
432106000
432114000
432226000
432228000
432260000
432270000
432271000
432276000
432282000
432288000
432298000
432306000
432319000
432321000
432343000
432346000
432353000
432367000
432370000
432374000
432378000
432395000
432399000
432400000
432408000
432410000
432411000
432426000
432438000
432441000
432444000
432447000
432448000
432453000
432458000
432461000
432463000
432468000
432475000
432487000
432503000
432507000
432515000
432525000
432549000
432558000
432564000
432568000
432626000
432685000
432708000
432726000
432738000
432845000
432856000
432878000
432894000
432896000
432907000
432914000
432918000
432924000
432936000
432942000
432943000
432948000
432955000
432962000
432966000
432967000
432971000
432984000
432987000
432990000
440045000
440053000
440055000
440089000
440099000
440104000
440154000
440192000
440195000
440203000
440224000
440226000
440233000
440236000
440239000
440246000
440280000
440298000
440313000
440316000
440328000
440329000
440444000
440450000
440479000
440492000
440503000
440504000
440517000
440522000
440542000
440549000
440552000
440574000
440575000
440584000
440590000
440595000
440604000
440612000
440617000
440620000
440623000
440624000
440628000
440636000
440641000
440644000
440645000
440646000
440647000
440648000
440654000
440656000
440671000
440703000
440704000
440705000
440731000
440733000
440751000
440755000
440765000
440770000
440772000
440773000
440777000
440778000
440780000
440781000
440782000
440786000
440787000
440788000
440792000
440801000
440807000
440808000
440809000
440810000
440820000
440821000
440822000
440823000
440846000
440847000
440858000
440863000
440871000
440885000
440886000
440894000
440895000
440900000
440919000
440920000
440926000
440931000
440933000
440934000
440935000
440936000
440941000
440944000
440946000
440952000
440954000
440963000
440966000
440968000
440986000
440987000
440990000
440992000
441014000
441018000
441024000
441032000
441038000
441043000
441066000
441072000
441084000
441090000
441098000
441166000
441201181
441201183
441201562
441201727
441201728
441201729
441201730
441201731
441201732
441219253
441219875
441219878
441220243
441220316
441225915
441226015
441226315
441233000
441242000
441247715
44125100
441251000
441374000
441446000
441483000
441493000
441584000
441600216
441600589
441610190
441644000
441645000
441650000
441660000
441675000
441680000
441699000
441734000
441811000
441812000
441825000
441853000
441864000
441865000
441868000
441869000
44190000
441910000
441930000
442460001
443200080
443200156
444000950
444080710
452005511
452009111
500430
503000087
503003170
503020060
503023550
503057000
503220100
503337100
503337200
503362600
503552000
503555500
503556000
503595000
503597400
503798600
503798800
503798900
508770000
510012000
510013000
510014000
510032000
510033000
510034000
510035000
510038000
510053000
510054000
510056000
510057000
510060000
510062000
510065000
512000
512000015
512000030
512000041
512000044
512000058
512000072
512000089
512000122
512000125
512000126
512000127
512000192
512001926
512002239
512002241
512002262
512002681
512002694
512002725
512003236
512003467
512003539
512003604
512003817
512004025
512004138
512004823
512004998
512006000
512008000
512012000
512027000
512085000
512119000
512134000
512169000
512229000
512235000
512236000
512300107
512400000
512410000
512411000
518000004
518071000
518072000
518259000
518260000
518402000
518676000
518770000
520020000
520021000
520022000
520023000
520028000
520033000
520034000
520050000
520065000
520074000
520076000
520083000
520088000
520112000
520114000
520116000
520145000
520151000
520170100
520171000
520172000
520173000
520174000
520176000
520179000
520182000
520183000
520188000
520189000
520190000
520195000
520197000
520218000
520222000
520225000
520231000
520232000
520234000
520238000
520241000
520243000
520245000
520274000
520276000
529004000
529417000
529435000
529440000
529469000
529676000
529686000
529687000
529695000
529729000
529783000
533111749
538060004
538060005
538060006
538060007
538060008
538060011
538060012
538060013
538060014
538060015
538060016
538060017
538060018
538060019
540001900
540002000
540002100
540002200
540002300
540003800
540003900
540004000
540004100
540004200
540005000
540010700
540010800
540011500
546012900
548006100
548051500
548198100
548204300
548225100
548280100
548347100
548348100
548487100
548591000
548592000
548603400
548760000
548792000
548831000
548895000
548905000
553111242
553111327
553111463
553111643
553111690
553111698
553111712
553111733
553111734
553111735
553111736
553111738
553111740
553111743
553111744
553111749
553111750
553111751
553111754
553111755
553111756
553111759
553111761
553111764
553111765
553111771
557000400
557000500
55700300
557005500
563111635
567000421
567000445
567025800
570250000
572138210
576093000
576122000
576237000
576270000
576276000
576277000
576383000
576394000
576397000
576574000
576575000
576596000
576634000
576638000
576660000
576664000
576694000
576695000
576696000
576699000
576736000
576737000
57675000
576753000
576754000
576762000
576765000
576770000
576811000
576843000
576847000
576850000
576877000
576890000
576905000
576956000
576959000
576987000
577077000
577105000
577132000
577145000
577146000
577169000
577205000
577206000
577214000
577215000
577216000
577217000
577218000
577219000
577220000
577221000
577222000
577223000
577224000
577225000
577226000
577248000
577257000
57725800
577259000
577265000
577289000
577290000
57730800
577309000
577322000
601034200
601061600
601086800
601089100
601111600
601160100
601189200
601240000
601272000
601391000
601396000
601414000
601425000
601433000
601500000
601677000
601690000
601705000
601770000
601787000
601799000
605066265
617038000
617045000
617073000
617095000
618000500
619002000
627066000
627067000
627074000
627163000
627640000
627691000
627720000
627848000
636092595
642247000
642383000
642525032
642606020
642609000
642711000
645373000
645374000
645378000
645379000
645380000
645381000
645382000
650175000
650176000
650177000
650180000
660000200
660000300
660000500
660000800
660001400
660001800
660001900
660002300
660002700
660003100
660004300
660004900
660005100
660005300
664000022
664000023
664092000
664094000
664097000
664266000
664268000
664270000
664272000
664325000
664539000
664541000
664544000
664545000
664567000
664576000
664578000
664579000
664582000
664589000
664626000
665111117
665111119
665111120
725000291
725004140
730015000
730016000
730017000
730018000
730019000
730059000
735057523
735057559
735057564
735057565
735057579
735057587
735057638
735058003
735058805
735058806
735058912
735059088
735059089
735059255
735059287
735565000
740372000
740382000
770576068
770576071
770576321
774559424
775602000
775610060
775615000
775616000
775626000
775627000
775628000
775630000
775993050
888802000
