100000668
100003518
100004146
100006094
100022007
1003084356
100701983
100800051
100800085
100811148
100850885
100858876
100881741
100887535
100887539
100889657
100889783
100890328
100894982
100895173
100895213
100895220
100895494
100895499
100895568
100895917
100895965
100896003
100896467
100896547
100897429
100897463
100897487
100897495
100897506
100897518
100897520
100897524
100897532
100897896
100898121
100898138
100898141
100898317
100898613
100898638
100900161
101306904
101306973
101307455
101600038
101600548
101600848
106811101
108666743
108668622
108669219
108669227
108669917
109670681
110700977
110701067
110702827
110706289
110802154
111000243
1110109
11111
111111163
111113456
11112222
111150045
11118
111205006
11188
11197
11220
11346
1135
11397
11532240
1172
117897897
118
12008888
12228
123402187
123455555
123456811
12347
123470
12348
12358
12373
123789
123842988
1240
125
125588837
125639874
12600
12868
1288
130500682
13060
130701832
13363
140000134
140000303
140000493
14022
14030
140402427
14089
141000478
14334
14381438
1458
1475
150200322
150200950
150201335
150201547
150202800
150203222
150203711
150203712
150203713
150203717
150203795
150203823
150204072
150204240
150204261
150204443
150204484
150205010
150413181
151000082
151209597
15260
160400111
161000065
161000201
16560
168007
16816888
168816688
168888
170100099
1731
17999
1851
1888
188800063
19089
191283710
198712131
200000029
200000262
200000328
200000329
200000347
200000581
200000676
200000828
200001056
200001069
200001407
200001659
200001666
200001798
200001838
200001998
200002102
200002143
200002328
200002626
200002704
200002898
200002924
200003101
200003158
200003289
200003311
200003693
200004133
200004312
200004523
200004534
200005291
200005400
200005520
200005721
200005734
200005837
200005881
200005944
200005991
200006001
200006065
200006081
200006090
200006253
200006327
200006668
200006677
200006688
200006947
200007087
200007770
2000080
200008261
200008317
200008464
200009365
200010003
200010895
200010918
200011393
200011660
200011791
200012101
200012107
200012145
200012314
200012447
200012464
200012710
200012749
200012980
200013040
200013155
200013173
200013319
200013335
200014139
200014514
200014640
200014651
200014659
200014690
200014701
200014914
200015756
200015927
200015953
200015961
200016010
200016042
200016048
200016063
200016083
200016092
200016304
200016821
200016826
200016849
200016969
200017041
200017042
200017048
200017173
200017208
200017222
200017324
200017326
200017365
200017396
200017448
200017453
200017456
200017518
200017537
200017582
200017621
200017723
200017750
200017952
200017974
200018061
200018178
200018286
200018348
200018350
200018353
200018358
200018401
200018404
200018644
200018732
200018758
200018809
200018861
200018936
200019081
200019096
200019113
200019436
200019442
200019466
200019487
200019489
200019509
200019608
200019610
200019617
200019686
200019720
200019775
200019796
200019824
200019876
200019962
200020037
200020096
200020144
200020321
200020573
200020619
200020644
200020715
200020724
200020733
200020758
200020762
200020773
200020781
200020783
200020802
200020862
200020884
200020959
200021132
200021157
200021357
200021394
200021477
200021541
200021570
200021659
200021698
200021719
200021735
200021744
200021756
200021990
200022025
200022052
200022154
200022228
200022230
200022268
200022339
200022554
200022587
200022591
200022667
200022777
200022795
200022921
200022925
200023324
200024473
200026187
200026731
200026803
200026807
200026808
200026809
200026810
200026811
200026812
200027172
200027945
200033118
200216276
200857777
200952456
200995958
201100100
201304078
201601051
201601128
201601152
201601272
201601312
201601321
201601357
201603339
201603522
201604254
201607306
201610002
201610066
201610999
201700002
2034
204041000
204212000
204233000
204242000
204248000
204261000
204269000
204274000
204275000
204848000
205160000
205327000
205346000
205482090
2057
207822650
207826760
208668687
210153000
2111
211101000
211227260
211232850
211285880
211313600
211313780
211415000
211438440
211485564
211488526
211605000
212333033
212414625
212475000
213003000
213004000
213005000
213006000
213007000
213008000
213020087
213363000
213367000
213832000
213947000
213994000
213995000
213996000
213997000
213998000
21441
215555888
2181
218125000
218363000
219000617
219000897
219000907
219001149
219001189
219001265
219001559
219001604
219002005
219002023
219002149
219002307
219002368
219002413
219002506
219002585
219002661
219002726
219002823
219002881
219003138
219003369
219003561
219003704
219003959
219004307
219004343
219004344
219004472
219005216
219005286
219005713
219005732
219005803
219005826
219005827
219005881
219005883
219005902
219005919
219005958
219006116
219006235
219006598
219006719
219007313
219007333
219007479
219007577
219007727
219008396
219008833
219009041
219009229
219009244
219009413
219009799
219011867
219011885
219012351
219012352
219012459
219012608
219013391
219013522
219014159
219014692
219015318
219015338
219016005
219017576
219017723
219018769
219018998
219020185
219021176
219021343
219021938
219271000
219381000
219747000
219904000
220000051
220038000
220073000
220083000
220091000
220128000
220202000
220204000
220228000
220242000
220257000
220321000
220327000
220335000
220353000
220368000
220375000
221100
222
222229999
22263
224002820
224003530
224004380
224004420
224004800
224005270
224005670
224005820
224005830
224005870
224006840
224007230
224007820
224007840
224008250
224008640
224008890
224009240
224009250
224009750
224009840
224010630
224010990
224011110
224011270
224011290
224011320
224011550
224011830
224012590
224012850
224012890
224012980
224012990
224013020
224013050
224013090
224013220
224013710
224013910
224014120
224014210
224014460
224014490
224014550
224014590
224014850
224014950
224015120
224015340
224015440
224015520
224015930
224015950
224016220
224016620
224016630
224016640
224016730
224016890
224017830
224017840
224018370
224018390
224018430
224018440
224018520
224018540
224018770
224019440
224019680
224019690
224020220
224020390
224020840
224021550
224021650
224021730
224021820
224021860
224021940
224022140
224022170
224022330
224022350
224022380
224022590
224022730
224022810
224022920
224023480
224023580
224024540
224024830
224025180
224025230
224025560
224026230
224026280
224026690
224026780
224026880
224027470
224027520
224027550
224027670
224027970
224028550
224028620
224030940
224031640
224031680
224031980
224031990
224032170
224032470
224032880
224040470
224041990
224042740
224042780
224042880
224042890
224043370
224043730
224043760
224043770
224043850
224043950
224044230
224044370
224045180
224045260
224045480
224045630
224045640
224045880
224046150
224046190
224046360
224046790
224047160
224047260
224047270
224047340
224047360
224047430
224047490
224047870
224047990
224048290
224048850
224048880
224049260
224049270
224049290
224049380
224049670
224049990
224050140
224050230
224050240
224050370
224050450
224050530
224050740
224051590
224051690
224052340
224052450
224052850
224053240
224053280
224054000
224054180
224054990
224055180
224055250
224055440
224055450
224055790
224055830
224055870
224055940
224056130
224056170
224056190
224056960
224057450
224057890
224057930
224058130
224058930
224059230
224059740
224059790
224060850
224061430
224061990
224062360
224062640
224063670
224063680
224063780
224063940
224064170
224064450
224065000
224065280
224066140
224066460
224066570
224066590
224066650
224066970
224067130
224067470
224067630
224067670
224068290
224068470
224068480
224068550
224068580
224068980
224069550
224069690
224069930
224070440
224070630
224071730
224071740
224071750
224071790
224071870
224071970
224071980
224072230
224072270
224072650
224072690
224072760
224072890
224072990
224073290
224073570
224073660
224074290
224074680
224074740
224075000
224075180
224075190
224075830
224076360
224076530
224077140
224077390
224078290
224079580
224079770
224079860
224080240
224080660
224080940
224080990
224081130
224081150
224081690
224082150
224082160
224082850
224082870
224083120
224083350
224084460
224085120
224085130
224085730
224085830
224085930
224085960
224086550
224086630
224086640
224086740
224087220
224087230
224087340
224087460
224087870
224088280
224088370
224089170
224089260
224089290
224090120
224092140
224092340
224092730
224092830
224093330
224093360
224093380
224093430
224093460
224093550
224093760
224093890
224094320
224094470
224094570
224094660
224094740
224094760
224094870
224094960
224095140
224095240
224095390
224095430
224095620
224095660
224096290
224096320
224096480
224096680
224096830
224097160
224097340
224097540
224097670
224097680
224097930
224097970
224098330
224098390
224098640
224098720
224098870
224099440
224100120
224100160
224100190
224100590
224100870
224101980
224102340
224102530
224102540
224102950
224103570
224104170
224104240
224104340
224104420
224104430
224104540
224104640
224105450
224105480
224105580
224105890
224105920
224106190
224106240
224106860
224106950
224107250
224107670
224108450
224108490
224108520
224109170
224109470
224110360
224111190
224111820
224111960
224112130
224113660
224115170
224116380
224117340
224119550
224119750
224121650
224122570
224122930
224123720
224123730
224124260
224125140
224127330
224127360
224127390
224127540
224128190
224128230
224128320
224128520
224128680
224128890
224129890
224130750
224131270
224131820
224132580
224132650
224132850
224133000
224133306
224133770
224133790
224133980
224134120
224134380
224134480
224134690
224134950
224134990
224135340
224135590
224136380
224136570
224137140
224137460
224137530
224137550
224137770
224137780
224138680
224138950
224139290
224139370
224139450
224140280
224140330
224141360
224141830
224142580
224143780
224143980
224144580
224144590
224145180
224146950
224147180
224148000
224150760
224151570
224151990
224152140
224153130
224153640
224153680
224154730
224155590
224155750
224157780
224162360
224162840
224162880
224162930
224164540
224164580
224166440
224166850
224166990
224167120
224167130
224167520
224167590
224168220
224168820
224168930
224169260
224169660
224171140
224171840
224172220
224172830
224173230
224173660
224175190
224175320
224175790
224175970
224176390
224177000
224177240
224177460
224177970
224178000
224178880
224180740
224181230
224181290
224181530
224182270
224182770
224182930
224184270
224185240
224185250
224186000
224186490
224187770
224189260
224189550
224190680
224191750
224192570
224193790
224194470
224194620
224197230
224198230
224198440
224199380
224199980
224201160
224202750
224202860
224204520
224204620
224205230
224205360
224205420
224205630
224205880
224206240
224208650
224209620
224209690
224210180
224211350
224211440
224211520
224212150
224212190
224212280
224212820
224212830
224213920
224215230
224215430
224216660
224217120
224218360
224219230
224219360
224220140
224220650
224220670
224221160
224221190
224221320
224222430
224222560
224225320
224225750
224226670
224227590
224229000
224229980
224231150
224231980
224233730
224235170
224235270
224235980
224236340
224237650
224237690
224238430
224238960
224239920
224239960
224241390
224244180
224245280
224245370
224245520
224249640
224249690
224249780
224250860
224252120
224253750
224255190
224256930
224257340
224257360
224258570
224259150
224262170
224264190
224265670
224265690
224266880
224267590
224269350
224270370
224271770
224272000
224273000
224274380
224275390
224277580
224282870
224284550
224285230
224292130
224292770
224296330
224296450
224296460
224297260
224297270
224297280
224297320
224298620
224298660
224300140
224301340
224303360
224304540
224304660
224305820
224305940
224306530
224310450
224310520
224315860
224319880
224320160
224320430
224323960
224324620
224324950
224324960
224324970
224324980
224329000
224330760
224330780
224333460
224334450
224340950
224340970
224343930
224343940
224346760
224346850
224348190
224350280
224355280
224355430
224362430
224364180
224364370
224364880
224368930
224372560
224373420
224373520
224375550
224377530
224378390
224384000
224384590
224385000
224389000
224389290
224391480
224391570
224396270
224416530
224435690
224437640
224445000
224448260
224452000
224456000
224457450
224472000
224496000
224501970
224503170
224534000
224537330
224552470
224552620
224568940
224706000
224712000
224716000
224793000
224816000
224820000
224859820
224906120
224906170
224906180
224906480
224926000
224933000
224935000
224936000
224938000
224939000
224940000
224943000
224961640
225018770
225023220
225309000
225361000
225458000
225909850
225917890
225941860
225976980
225980581
225980880
225982487
225982788
225985739
225985890
225986455
225986575
225987356
225987542
226095000
226180000
226246000
226857000
227048380
227104700
227106400
227107100
227109900
227113100
227117600
227118800
227127200
227132100
227141900
227142900
227143100
227143700
227144600
227145800
227155000
227164210
227275010
227285160
227300110
227300230
227300250
227300260
227300270
227301110
227306990
227307000
227311190
227311220
227311230
227311480
227312440
227314180
227314780
227315060
227315910
227316020
227316830
227317050
227317360
227317370
227317390
227317490
227317520
227317560
227317630
227317660
227317910
227317980
227318310
227318330
227318380
227318540
227318640
227319170
227319430
227319460
227320020
227320080
227320510
227320580
227320760
227321790
227322180
227322520
227323070
227323360
227333000
227338000
227353000
227377000
227389000
227396000
227438840
227472000
227512000
227532000
227562010
227570000
227573000
227573960
227582920
227583000
227589070
227593840
227594760
227595050
227596220
227597000
227611930
227616510
227625350
227625380
227626920
227631770
227635910
227636480
227638580
227641010
227646110
227647080
227654220
227678830
227692790
227777140
227783530
227833000
227910000
227926000
228066700
228067700
228082600
228082700
228129900
228131000
228131800
228133000
228168600
228171600
228173000
228195800
228207000
228215800
228221900
228222600
228227700
228238800
228293900
228295900
228298000
228300000
228301600
228317000
228702000
228976000
230052950
230053240
230069190
230081570
230117380
230346000
230627000
230941050
230942350
230942640
230982910
230984790
230985650
230987350
230996080
230996210
231084000
231160000
231166000
231180000
231200056
232003730
232004057
232004064
232004081
232004457
232004523
232004676
232004893
232004918
232004947
232004952
232005287
232006590
232006740
232006757
232006840
232006934
232006940
232006949
232007083
232007637
232007758
232008841
232012025
232012209
232012362
232017000
232148000
232326000
232328000
233282000
233296000
233586000
233820000
233826000
234052000
234079000
234093000
234122000
234311000
23455555
234806000
2349
234900000
234999097
234999177
235000250
235000280
235000315
235000476
235000529
235000604
235000781
235000820
235000840
235000942
235001052
235001310
235001420
235001440
235001497
235001503
235001810
235002051
235002274
235002430
235002490
235002598
235002680
235002743
235003103
235003224
235003460
235003481
235003760
235003808
235003825
235003953
235004005
235004088
235004392
235004421
235004690
235004700
235005050
235005216
235005282
235005746
235005947
235006149
235006295
235006436
235006737
235007170
235007300
235007455
235007493
235007575
235007752
235007884
235007942
235007951
235007968
235008225
235008329
235008352
235008523
235010340
235012019
235013516
235013676
235013957
235014126
235017149
235017834
235020423
235021642
235022071
235022282
235023512
235023688
235023713
235023784
235023984
235024318
235028246
235028482
235030769
235030779
235032983
235033443
235033694
235033728
235033874
235033876
235034437
235035472
235037363
235040121
235050365
235051239
235051891
235053875
235054325
235054892
235055004
235055552
235058829
235059169
235060644
235060915
235061559
235062009
235064432
235065047
235066405
235067472
235068114
235068209
235069725
235069734
235070239
235071186
235071337
235071578
235072137
235072171
235072918
235073321
235074212
235075462
235076069
235076225
235076457
235077124
235077132
235077264
235078058
235079016
235080238
235080695
235080845
235080875
235081001
235082052
235083174
235083558
235084205
235084419
235084486
235084726
235085146
235086338
235086424
235086596
235087027
235088308
235088342
235088442
235088644
235088774
235089043
235089141
235089182
235090357
235090787
235091405
235092549
235095109
235095948
235096011
235097404
235097529
235097703
235098868
23509931
235099592
235100553
235101348
235101674
235102047
235102493
235103000
235103741
235105729
235106463
235107255
235107428
235107608
235108164
235108169
235108201
235108715
235108863
235108948
235108962
235108967
235109035
235109204
235109229
235109332
235109342
235109469
235109488
235109926
235110123
235110338
235110563
235111006
235111519
235112234
235112236
235112513
235112648
235112856
235112983
235113099
235113371
235113801
235113921
235114473
235114563
235114687
235114728
235115624
235115772
235116625
235117471
235118117
235672000
235674000
235711000
235826000
235901069
237004000
237014000
237015000
237027000
237045000
237048000
237058000
237061000
237078000
237089000
237097000
237127000
237142000
237151000
237155000
237161000
237163000
237164000
237171000
237175000
237178000
237180000
237190000
237206000
237215000
237221000
237228000
237248000
237249000
237252000
237256000
237287000
237291000
237299000
237305000
237308000
237312000
237329000
237333000
237333700
237334000
237335000
237343000
237345000
237346000
237371000
237396000
237401000
237402000
237430000
237431000
237441000
237445000
237446000
237448000
237450000
237453000
237456000
237457000
237475000
237506000
237535000
237539000
237544000
237546000
237554000
237556000
237558000
237565000
237570000
237599000
237604000
237610000
237616000
237618000
237623000
237624000
237662000
237664000
237802000
237850000
237880000
237883000
237885000
237887000
237914000
237920000
237930000
237934000
237954000
237964000
237980000
237993000
237994000
237995000
237996000
238018340
238028240
238103440
238111111
238114940
238117340
238117940
238147540
238153540
238162240
238204140
238211140
238217440
238223540
238277740
238281140
238283740
238284000
238294140
238309540
238316240
238317140
238337540
238343740
238350540
238361240
238361340
238366840
238369040
238381540
238400640
238400840
238413540
238469740
238469840
238556710
238561110
238582510
238591240
238592410
238593140
238598010
238613210
238621140
238621510
238622310
238644110
238654610
238654710
238673640
238675840
238742840
238744540
238751940
238752040
238752140
238757740
238759040
238763140
238764940
238765040
238765540
238767240
238770640
238771340
238771540
238790840
238794240
238825840
238836740
238837240
238882640
238887840
238892340
238899140
238902840
238909140
238955340
238957040
238960540
238963340
238972240
238989740
238993240
239016000
239017000
239023000
239025000
239058000
239079000
239093000
239100000
239116000
239117000
239120000
239121000
239122000
239128000
239131000
239136000
239139000
239186000
239188000
239201000
239213000
239222000
239272000
239295000
239296000
239330000
239340000
239344000
239400000
239420000
239459000
239462000
239468000
239510000
239526000
239539000
239599000
239707000
239718000
239734000
239750000
239845000
239901000
239988200
240021000
240096000
240104000
240105000
240107000
240219000
240252000
240253000
240259000
240274000
240281000
240312000
240315000
240324000
240331000
240338000
240367000
240368000
240384000
240417000
240419000
240426000
240427000
240428000
240429000
240482000
240550000
240588000
240643000
240692000
240705000
240707000
240802000
240819000
240854000
240895000
240910000
241020000
241110000
241119000
242003100
242005100
242060100
242063100
242065100
242130100
242186100
242663300
242694100
242920000
243888888
244020461
244030922
244030996
244031000
244100135
244426000
244434000
244567000
244615829
244620146
244670125
244740354
244780214
244846000
244870056
245053000
245185000
245220000
245751000
245795000
245856000
245873000
24593300
245933000
246054000
246273005
246314000
246364000
246426000
247030890
247041460
247042630
247047710
247048680
247048880
247048990
247049490
247050640
247050980
247050990
247051150
247051220
247051230
247051450
247051820
247051830
247053780
247053790
247061610
247063280
247063310
247065610
247065680
247065750
247066290
247068070
247068130
247069530
247070230
247070340
247070670
247070740
247070780
247070850
247070960
247070990
247071010
247071020
247071030
247071050
247071060
247071420
247071930
247071940
247071970
247072380
247072680
247072720
247072740
247072770
247072810
247072840
247072850
247073510
247073570
247074210
247074260
247074630
247075970
247076150
247077280
247079050
247079380
247080310
247080330
247080360
247080650
247080670
247080770
247080810
247080840
247080850
247080920
247081060
247081090
247081170
247081190
247081220
247081240
247081260
247081430
247081440
247081520
247081540
247081550
247081580
247081590
247081610
247081670
247081690
247081710
247081720
247081730
247081740
247081850
247081930
247081990
247082030
247082080
247082290
247082320
247082420
247082830
247083020
247083070
247083140
247083150
247083170
247083180
247083190
247083220
247083230
247083240
247083250
247083260
247083280
247083320
247083380
247083390
247083420
247083440
247083450
247083470
247083480
247083530
247083540
247083550
247083630
247083840
247083860
247083920
247084290
247084310
247084380
247084520
247084670
247084730
247084790
247084870
247085190
247085360
247085680
247085770
247085860
247086570
247086860
247087020
247087070
247087110
247087510
247088050
247090830
247090850
247090860
247090880
247090910
247090930
247090950
247090980
247091060
247091080
247091110
247091620
247092230
247092290
247092320
247092330
247092370
247092380
247092390
247092550
247092750
247092770
247092780
247092790
247092810
247092830
247092850
247092860
247092870
247092890
247092920
247092950
247092980
247092990
247093010
247093030
247093040
247093050
247093060
247094050
247094170
247094260
247094280
247094310
247094330
247094340
247094360
247094370
247094410
247094630
247094960
247096440
247096450
247096470
247096930
247097280
247097740
247099190
247099210
247099280
247099330
247099360
247099420
247099790
247099810
247099820
247099830
247100000
247100490
247100510
247100580
247100620
247100630
247101190
247101540
247101880
247103130
247103510
247104060
247108400
247110130
247110170
247110180
247110360
247110380
247110430
247110550
247110770
247110810
247110830
247110980
247111020
247111060
247111270
247111480
247111730
247111950
247112110
247112550
247112630
247113010
247113920
247113940
247113970
247114040
247114560
247114670
247114740
247115050
247119090
247120130
247120180
247120340
247120370
247120390
247120550
247120570
247120850
247120860
247121020
247121110
247121240
247121340
247121360
247121370
247121380
247121530
247121660
247121680
247121710
247121730
247121790
247121810
247121820
247121880
247121970
247122030
247122110
247122130
247122140
247122150
247122180
247122190
247122210
247122240
247122250
247122310
247122330
247122340
247122350
247122460
247122510
247122520
247122570
247122580
247122630
247122670
247122850
247122920
247123030
247123160
247123290
247123530
247123630
247123710
247123880
247123890
247124010
247124220
247124390
247124510
247124560
247124610
247124680
247124710
247125340
247125580
247125620
247125640
247125650
247125680
247125730
247125820
247126260
247126690
247126820
247126890
247127130
247127450
247127590
247127890
247128190
247128810
247129960
247130230
247130250
247130280
247130290
247130310
247130320
247130650
247130740
247130760
247130830
247131080
247131140
247131320
247131440
247131490
247131610
247131680
247132590
247132680
247133170
247134010
247140280
247140360
247140610
247140770
247140830
247141020
247141050
247141070
247141250
247141490
247141640
247141890
247141920
247142160
247142230
247142480
247142520
247142630
247143380
247143460
247143640
247143930
247143940
247144090
247144390
247144420
247144490
247144640
247144750
247145010
247145650
247145660
247145790
247146110
247146270
247146320
247146590
247146610
247146640
247148190
247149150
247150040
247150170
247150230
247150270
247150350
247150830
247151030
247151990
247152020
247152130
247152140
247152210
247152290
247152310
247152510
247154230
247155030
247155210
247155630
247156780
247202490
247231980
247232010
247250620
247251930
247252280
247252970
247255060
247255860
247270920
247271480
247280790
247280850
247280940
247281420
247281510
247300030
247300290
247300570
247300860
247300990
247301080
247301120
247301460
247301980
247303280
247304010
247304660
247305070
247305480
247306030
247306040
247306490
247308090
247309060
247354400
250000054
250000092
250000096
250000135
250000465
250000511
250000546
250000565
250000626
250000633
250000775
250000869
250000870
250000956
250001048
250001121
25000116
250001205
250001223
250001676
250001767
250002023
250002036
250002268
250002424
250002522
250002704
250002747
250002836
250003132
250003201
250003406
250003407
250004144
250004173
250004351
250004891
250004905
25001559
25010360
250104600
250104640
250104890
250105550
250106400
250106800
250107450
250115460
250122460
250140400
250142400
250184000
250230000
250264000
250267000
250273000
250379000
250486000
250494000
251011000
251014000
251031110
251032110
251034000
251038000
251048110
251063000
251065110
251068110
251069110
251072000
251073110
251089000
251109540
251113340
251115640
251116540
251116740
251129000
251138340
251138540
251140840
251154110
251156000
251162110
251166440
251166540
251180110
251192840
251194440
251195740
251209000
251212110
251215110
251215440
251218240
251218440
251225240
251231640
251243240
251251110
251263340
251268240
251268540
251271440
251272340
251272940
251292340
251292540
251292940
251296240
251311540
251313540
251315240
251317540
251326340
251327000
251332240
251333240
251333340
251333540
251341640
251343340
251344000
251345640
251346740
251348340
251361440
251363440
251375440
251386640
251389540
251389840
251398240
251398640
251399640
251412340
251415440
251418540
251418640
251418840
251422340
251422540
251422740
251425110
251429110
251442540
251444110
251444340
251462540
251466740
251469000
251470440
251478440
251478540
251478740
251479440
251479540
251483640
251483840
251485340
251486110
251491340
251492740
251493540
251496340
251496840
251504110
251504840
251505440
251520240
251520840
251525240
251525740
251531110
251538110
251538240
251539240
251546000
251548340
251557240
251559110
251579240
251581540
251582340
251584240
251588110
251595110
251597110
251600110
251730110
251734110
251756000
251782110
251791240
251791740
251792740
251797240
251808840
251812240
251813440
251813540
251815740
251820640
251832840
251840840
251843840
251845370
251848370
251849440
251851370
2547
256000684
256004552
257003200
257011740
257013680
257014550
257021870
257023920
257029940
257044340
257068140
257068540
257070940
257094540
257108620
257111620
257112420
257112500
257118040
257118800
257120420
257122820
257124740
257130320
257131740
257131940
257135740
257141020
257145920
257148220
257152420
257152940
257154720
257157120
257163220
257165920
257172920
257177240
257178340
257188500
257201420
257202320
257210740
257218240
257218740
257224500
257236600
257239500
257262800
257279020
257285520
257291320
257302620
257310840
257316720
257330520
257334120
257348620
257354620
257359220
257370600
257396700
257401900
257414600
257422220
257422420
257430920
257434420
257453500
257454800
257458720
257461720
257468600
257469000
257470920
257547600
257590600
257595600
257614250
257614900
257617800
257659700
257666500
257684500
257699600
257704900
257714600
257716720
257727800
257735600
257766700
257791500
257809000
257811800
257866500
257877590
257906800
257908700
257917600
257985270
257995500
257999179
258138000
258141000
258194000
258995160
259242000
259293820
259296000
259380000
261000720
261001400
261001620
261002560
261002720
261003240
261003920
261005260
261005330
261005970
261006050
261006860
261006870
261006910
261010840
261012460
261012560
261013990
261024880
261025910
261106453
261383000
261550000
262999700
263214000
263235000
263266000
263270000
263279000
263282000
263286000
263307000
263315000
263329000
263331000
263381000
263385000
263388000
263401340
263401480
263401550
263401590
263401650
263401660
263402450
263402680
263402760
263402770
263403390
263403780
263404660
263405940
263406440
263406690
263406860
263406940
263406990
263407860
263408000
263408240
263408380
263408450
263408950
263411260
263411270
263411290
263411780
263412460
263413850
263413950
263414290
263414480
263415250
263416450
263416760
263418250
263418390
263419290
263419760
263420860
263421950
263426980
263428440
263432000
263435000
263500200
263500232
263500291
263500304
263500313
263500335
263546000
263821000
265502370
265551874
265588470
265609380
265619590
265621060
265631320
265639120
265643510
265666680
265669720
265670730
265681420
265689870
265695220
265699610
265704020
265720160
265722000
265745020
265746000
265752900
265758130
265758360
265759240
265771000
265778450
265781800
265781810
265782750
265816000
265817000
266053000
266057000
266095000
266101000
266137000
266139000
266156000
266158000
266160000
266169000
266186000
266254000
266274000
266319000
266354000
266365000
266376000
267181950
271042147
271043668
271043717
271044372
271044603
271056002
271056017
271056027
271056030
271056043
271056049
271062015
271062016
271062017
271062041
271062042
271062047
271062069
271062076
271062090
271062091
271062092
271062101
271062108
271062114
271066002
271066004
271069003
271069022
271069027
271069029
271069034
271069035
271069043
271072021
271072024
271072035
271072036
271072038
271072041
271072042
271072043
271072053
271072067
271072073
271072083
271072093
271072102
271072112
271072118
271072145
271072147
271072151
271072153
271072167
271072168
271072173
271072174
271072178
271072179
271072187
271072188
271072194
271072195
271072197
271072200
271072222
271072231
271072243
271072246
271072248
271072249
271072261
271072264
271072298
271072306
271072321
271072328
271072340
271072349
271072361
271072370
271072372
271072385
271072392
271072393
271072401
271072402
271072419
271072420
271072426
271072427
271072428
271072430
271072439
271072440
271072441
271072447
271072449
271072451
271072478
271072481
271072488
271072492
271072494
271072503
271072504
271072514
271072520
271072553
271072562
271072563
271072568
271072574
271072579
271072583
271072598
271072600
271072602
271072632
271072641
271072674
271072692
271072703
271072707
271072714
271072717
271072722
271072725
271072740
271072742
271072744
271072758
271072769
271072808
271072855
271072857
271072862
271072874
271072889
271072938
271072970
271072990
271072997
271073000
271073019
271073034
271073047
271073070
271073081
271073089
271073095
271073130
271073148
271073150
271073152
271073198
271073205
271073217
271073239
271073245
271073248
271073249
272180000
273000049
273000063
273009353
273210800
273211800
273214110
273219600
273242010
273292400
273315570
273324230
273345950
273348470
273350610
273352641
273356020
273358330
273371620
273372520
273372840
273374740
273381470
273383770
273385020
273385140
273388720
273413800
273420088
273420800
273422470
273426710
273427000
273432530
273432600
273435300
273436220
273447930
273524100
273815900
273828600
273828800
273845310
273847400
273849520
273852400
273877329
273877400
273878400
273894100
275000110
275098000
275141000
275171000
275228000
275273000
275412000
275444000
275448000
276152000
276167000
276174000
276182000
276187000
276209000
276276000
276326000
276370000
276377000
276544000
276643000
276659000
276690000
276825000
277187000
277189000
277206000
277207000
277442000
281152039
3001
303030
303428000
303430000
303546000
303674000
303684000
306995000
310065408
310081000
312366522
312566000
312570000
312773000
316000770
316001125
316001412
316001454
316001514
316001649
316001821
316001963
316001997
316002023
316002097
316002350
316002406
316002500
316002507
316002518
316002716
316002740
316002801
316002836
316002899
316003098
316003119
316003267
316003314
316003438
316003580
316003581
316003695
316003698
316003786
316003859
316004000
316004170
316004229
316004718
316004771
316004776
316004915
316004985
316005105
316005265
316005292
316005302
316005311
316005329
316005356
316005381
316005403
316005438
316005462
316005531
316005695
316005802
316005846
316006059
316006063
316006294
316006440
316006609
316006938
316007140
316007163
316007352
316007458
316007509
316007555
316008961
316009174
316009319
316009465
316009497
316009545
316009572
316009583
316009956
316010511
316010660
316010840
316010880
316011403
316011549
316011640
316011850
316012140
316012560
316012580
316012940
316012953
316013090
316013270
316013350
316013380
316013660
316013881
316015479
316015644
316015786
316016087
316016151
316017106
316017648
316017838
316018746
316018766
316019404
316020814
316021024
316021117
316021158
316021392
316021475
316021505
316022682
316023154
316023627
316024842
316025653
316026154
316026159
316026578
316028216
316028312
316028346
316028474
316028514
316029099
316029311
316029351
316030899
316030947
316030976
316031009
316031026
316031572
316032255
316033316
316065000
316183000
316237000
316601855
319019500
319074900
32023
320624028
320700288
320704480
320715035
320735013
320735115
320760508
3218
325686538
331000149
331519000
335889000
336877240
338045981
338047475
338071949
338077247
338084762
338087003
338094761
338108996
338114252
338115278
338126698
338130603
338131079
338132083
338137487
338140028
338141000
338143481
338144027
338145235
338150482
338154065
338154899
338162029
338164774
338165129
33816747
338175056
338175766
338181423
338181919
338182138
338182684
338183388
338185055
338186593
338203701
338207376
338212303
338217554
338218662
338222072
338227387
338229321
338229355
338229573
338229893
338250000
338271000
338285000
338568000
338626000
338643000
338693000
34
341060000
341585000
341591000
341884000
345000002
345840129
345881455
345881482
345881507
345882903
345883486
345900418
345901262
345901288
345905874
345981053
345981474
345990049
345991929
345991988
350003589
35002490
35031151
359001000
366047000
366062000
366070000
366083819
366103960
366210110
366211560
366384000
366468000
366556140
3666
366705860
366730580
366733140
366736360
366739880
366788850
366788910
366801920
366803040
366813390
366816810
366823870
366834830
366838960
366840630
366842350
366853960
366855470
366857350
366860000
366864000
366864180
366864820
366866750
366869850
366886330
366892680
366893340
366899750
366900170
366904830
366907980
366920020
366920560
366920840
366926988
366927920
366934440
366934780
366947090
366950060
366950140
366951820
366953940
366961560
366969110
366970070
366971230
366977950
366980490
366982430
366983550
366986140
366986220
366986230
366989420
366989730
366991610
367001510
367002510
367002630
367008130
367009820
367010820
367011440
367016340
367016590
367016610
367019860
367023390
367028390
367028490
367032960
367037040
367037960
367040650
367041410
367052160
367053590
367053620
367056030
367056642
367059190
367061810
36706320
367064000
367067640
367069490
367074540
367077060
367078130
367078470
367081140
367085280
367085340
367085680
367085790
367085960
367086720
367086820
367087840
367088150
367088160
367088290
367088350
367091040
367092780
367093180
367095060
367095140
367096560
367098770
367101090
367106680
367107330
367108660
367108780
367108810
367109350
367109910
367112210
367112240
367115490
367115570
367116620
367119980
367120060
367120620
367120940
367122850
367123230
367123430
367125630
367125970
367126440
367126460
367127380
367132090
367133130
367134750
367135560
367136040
367137170
367138430
367143030
367143320
367143770
367147560
367148190
367148780
367152680
367153430
367155230
367161000
367161430
367161440
367161870
367162750
367163370
367163580
367166240
367166250
367166260
367166270
367166280
367167460
367170350
367171480
367172260
367174520
367175390
367177980
367177990
367178510
367180070
367181980
367182240
367183070
367183530
367186240
367186320
367186690
367187480
367190320
367192880
367300080
367300830
367300910
367301340
367301830
367304620
367308320
367308570
367309090
367310080
367310440
367311690
367314090
367316510
367316710
367317360
367319000
367324020
367325520
367326490
367327960
367330860
367331190
367331210
367331290
367331330
367331870
367332090
367334770
367335360
367335510
367336730
367341280
367341940
367342330
367342470
367343160
367344810
367346110
367346750
367347000
367347380
367347420
367348240
367352000
367352040
367354330
367355530
367359070
367359220
367365550
367365680
367369840
367371250
367371890
367372590
367373350
367373730
367373760
367375440
367375620
367375690
367380330
367384040
367385870
367386950
367387050
367387710
367388160
367389120
367389920
367391270
367398270
367398280
367400720
367401660
367401840
367403640
367408210
367410620
367411950
367412830
367413040
367414380
367418550
367425210
367426420
367426770
367429740
367430430
367431410
367435910
367436180
367439350
367439440
367439470
367439730
367441520
367442160
367443940
367444760
367445510
367446940
367449130
367450010
367450320
367452240
367452850
367453280
367454140
367455130
367455230
367455290
367455330
367455810
367456890
367458460
367458790
367458870
367458890
367459960
367460080
367460380
367461260
367462410
367463190
367465140
367466760
367471760
367471780
367471790
367472410
367472910
367473190
367477290
367478790
367481820
367485720
367485750
367485790
367485810
367485830
367487010
367487280
367489540
367489610
367490090
367491040
367492340
367492660
367493620
367493850
367494810
367494840
367496580
367499610
367500860
367500890
367501450
367502930
367503940
367509710
367511170
367511370
367511840
367512610
367513750
367514530
367517450
367519360
367520190
367522680
367524170
367524510
367526640
367526970
367526980
367527850
367528180
367529920
367530000
367530460
367532920
367532940
367536630
367537260
367541930
367543740
367544110
367544130
367547560
367548430
367549190
367549930
367550060
367550070
367550950
367550960
367551030
367551540
367551640
367551960
367552230
367552370
367552850
367554840
367555440
367555860
367556530
367557020
367561070
367561420
367561910
367563170
367565130
367565250
367568710
367572230
367573350
367579190
367579920
367580950
367582530
367583740
367583760
367584820
367589000
367589370
367595630
367597470
367598710
367599280
367601040
367601420
367603150
367606480
367607220
367610810
367612680
367613480
367615940
367618390
367620890
367621550
367622740
367623430
367623690
367625260
367626660
367627860
367629060
367629990
367630920
367631460
367635370
367639760
36764000
367642570
367642750
367650000
367650350
367650520
367651970
367653580
367656980
367657060
367659030
367659220
367663770
367665350
367668550
367669840
367672690
367673710
367675920
367677380
367677940
367680750
367682480
367683890
367687850
367689320
367693190
367700670
367704750
367705000
367706120
367707630
367708360
367709770
367711270
367711540
367712110
367712910
367713090
367714330
367714450
367714880
367715130
367715630
367717050
367717360
367717750
367718320
367719780
367719840
367720130
367720660
367721920
367723210
367723230
367723350
367723510
367723980
367724540
367724770
367724880
367725470
367727840
367728060
367728590
367729000
367729560
367730000
367730860
367732930
367733060
367734540
367734950
367735070
367735740
367736030
367736780
367741570
367742510
367743080
367743340
367743640
367743890
367743960
367744990
367746689
367747090
367747750
367747770
367749730
367750360
367750720
367753550
367753970
367754530
367754630
367754920
367756640
367756650
367759260
367760260
367766110
367767850
367767860
367768330
367769080
367771350
367772250
367781240
367786680
367791160
367799730
367892000
368000070
368000240
368004540
368006880
368211000
368293000
368313000
368368
368409000
368412000
368565000
369501000
369515000
369604000
37213000
376517000
399989190
400005257
400285253
400286957
400452892
400471925
400500296
40051
403209570
404421712
408901002
408901017
408901018
408901025
408901030
408901045
408901145
408901237
408901512
408901521
408901537
408901546
408901547
408901549
408901573
408901584
408901603
408901618
408901669
408901672
408901720
408901753
408906516
408906552
408906556
408906590
408906664
408906864
408906866
408906867
408906871
408906872
408906873
408906875
408906885
408906886
408906887
408906890
408906891
408906897
408906917
408906926
408906927
408906931
408906932
408906935
408906936
408906938
408906940
408906941
408906945
408906954
408906963
408906970
408906976
408906978
408906979
408906984
408906990
408907000
408907007
408907009
408907010
408907012
408907018
408907019
408907021
408907181
408907183
408907184
408907185
408907187
408907188
408907189
408907190
408907191
408907192
408907194
408907196
408907197
408907199
408907201
408907206
408907207
408907208
408907209
408907210
408907211
408907213
408907214
408907216
408907218
408907219
408907220
408907221
408907222
408907223
408907224
408907226
408907227
408907229
408907231
408907232
408907234
408907235
408907237
408907238
408907239
408907240
408907243
408907245
408907246
408907247
408907248
408907249
408907251
408907253
408907254
408907255
408907257
408907259
408907260
408907261
408907262
408907263
408907265
408907266
408907267
408907269
408907270
410002017
410060996
410070036
410521467
411
411100018
411200397
411331090
412000054
412000131
412000803
412000857
412000858
412001138
412001159
412001180
412001245
412001268
412001542
412002446
412002881
412003222
412003268
412003918
412004266
412004302
412004805
412005079
412005253
412005686
412006389
412006400
412008219
412008893
41200895
412008988
412010052
412011436
412012048
412013538
412015083
412015980
412020015
412020426
412020806
412025120
412026068
412031705
412033333
412035342
412035432
412049139
412054210
412054398
412055098
412060391
412060395
412060508
412060622
412060638
412061651
412061652
412061889
412061976
412061978
412062285
412062377
412062833
412062855
412062872
412064658
412064913
412065765
412068883
412068886
412069428
412070118
412071087
412075176
412075289
412080039
412085680
412088118
412088268
412088799
412110429
412110999
412111124
412112347
412115102
412122881
412150908
412151901
412153122
412160161
412170315
412200215
412200222
412200253
412200255
412200256
412200383
412200448
412200656
412200722
412200729
412200732
412201046
412201082
412201303
412201483
412201552
412201588
412201627
412201678
412201735
412201768
412201792
412201823
412201825
412201827
412201833
412201835
412201836
412201837
412201866
412201867
412201869
412201871
412201872
412202095
412202118
412202205
412202206
412202226
412202299
412202316
412202383
412202421
412202472
412202512
412202568
412202655
412202708
412202845
412202861
412202878
412202898
412203152
412203188
412203215
412203227
412203267
412203291
412203305
412203389
412203448
412203486
412203528
412203529
412203575
412203577
412203585
412203587
412203629
412203687
412203707
412203711
412203749
412203862
412203896
412203929
412203952
412203976
412203981
412203993
412204042
412204049
412204087
412204137
412204178
412204195
412204372
412204612
412204966
412205018
412205033
412205043
412205057
412205061
412205077
412205116
412205119
412205140
412205232
412205285
412205456
412205458
412205471
412205519
412205520
412205586
412205668
412205779
412205783
412205791
412205975
412206003
412206008
412206078
412206095
412206172
412206331
412206417
412206421
412206429
412206432
412206447
412206451
412206468
412206473
412206483
412206487
412206492
412206503
412206506
412206507
412206511
412206513
412206516
412206517
412206525
412206531
412206556
412206565
412206567
412206572
412206576
412206579
412206582
412206586
412206587
412206617
412206657
412206742
412206763
412206766
412206948
412206957
412207041
412207308
412207321
412207343
412207353
412207403
412207429
412207441
412207451
412209156
412209187
412209198
412209199
412209233
412209610
412209620
412209630
412209640
412209650
412210278
412210283
412210417
412210441
412210735
412211006
412211102
412211134
412211157
412211168
412211171
412211195
412211328
412211675
412211691
412211811
412212092
412212343
412213188
412213196
412213213
412213294
412213305
412213376
412213387
412213414
412213468
412213479
412213487
412213499
412213742
412213743
412213752
412213774
412213777
412213778
412213809
412213851
412214071
412214074
412214082
412214217
412214222
412214273
412214274
412214292
412214304
412214312
412214362
412214383
412214502
412214551
412214564
412214672
412214783
412214801
412215040
412215164
412215166
412215173
412215296
412215298
412215312
412215332
412215653
412215667
412215682
412215706
412215766
412215805
412215997
412216071
412216072
412216223
412216263
412216565
412217169
412217782
412217989
412219001
412219007
412219011
412220355
412221241
412221257
412221261
412221735
412225426
412227777
412231018
412231233
412235486
412235538
412235631
412236588
412241380
412245513
412250000
412251013
412251015
412251025
412256354
412257779
412260048
412260079
412260117
412266855
412280024
412281088
412281217
412281243
412281247
412283628
412283709
412283715
412283733
412283837
412283838
412283864
412283916
412283917
412284139
412284288
412284318
412284387
412284408
412284558
412284729
412284775
412285065
412285118
412285193
412285214
412285266
412285298
412286035
412286054
412286073
412286117
412286198
412286209
412286265
412286275
412286329
412286456
412286466
412286586
412286633
412286674
412286686
412286894
412286937
412286967
412287248
412287259
412288671
412300351
412300678
412300919
412301298
412303238
412303839
412303856
412304063
412304222
412304778
412307770
412308025
412309085
412311410
412313268
412313315
412315302
412315699
412315888
412320
412320479
412320628
412320654
412320969
412321011
412321064
412321453
412322994
412323025
412323073
412323113
412323343
412323568
412323724
412323775
412323805
412323849
412323882
412323883
412323915
412323974
412323982
412324005
412324013
412324088
412324471
412324716
412324916
412325022
412325639
412325686
412325751
412325765
412325775
412325786
412325823
412325902
412325979
412326026
412326063
412326064
412326166
412326295
412326308
412326486
412326566
412326727
412326734
412326798
412326883
412327010
412327042
412327052
412327213
412327246
412327323
412327499
412327572
412327583
412327675
412327752
412327991
412328039
412328093
412328095
412328128
412328175
412328181
412328182
412328187
412328204
412328211
412328453
412328731
412328746
412328796
412329394
412329418
412329436
412329459
412329461
412329515
412329691
412330034
412330042
412330049
412330087
412330091
412330288
412330419
412330498
412330681
412330721
412330761
412330834
412330994
412331055
412331063
412331064
412331106
412331107
412331111
412331118
412331119
412331179
412331182
412331214
412331249
412331637
412331641
412331657
412331661
412331678
412331811
412331844
412331848
412331862
412332149
412332362
412332363
412332366
412332379
412332403
412332472
412332475
412332564
412332624
412332661
412332663
412332667
412332735
412332754
412332865
412332919
412332927
412333008
412333101
412333169
412333173
412333203
412333395
412333524
412333665
412335239
412340051
412340088
412340097
412340136
412340510
412340565
412340946
412341174
412342029
412342362
412342855
412343140
412343255
412343909
412344113
412344114
412344115
412346176
412348701
412348782
412348794
412348863
412348995
412349065
412349068
412349078
412349139
412349428
412349838
412350192
412351931
412352367
412352481
412352577
412353057
412353124
412353195
412353255
412353756
412353764
412354272
412354286
412354411
412354424
412354429
412354431
412354432
412354435
412354438
412358773
412358877
412359005
412359007
412359048
412360035
412360217
412362082
412363251
412364199
412364242
412364513
412364585
412364647
412364766
412364767
412364876
412364933
412365048
412365057
412365094
412365096
412365202
412365244
412365295
412365329
412365352
412365358
412365483
412365716
412365835
412366014
412366052
412366061
412366274
412366275
412366347
412366426
412366474
412366522
412366533
412366552
412366553
412367137
412367159
412367166
412367167
412367168
412367177
412367186
412367189
412367192
412367193
412367196
412367744
412367797
412367817
412368541
412368988
412369177
412370282
412370494
412370594
412370602
412370609
412370618
412370637
412370639
412370748
412370783
412370787
412370788
412370803
412370805
412370815
412370816
412370831
412370833
412371071
412371121
412387654
412387941
412389898
412400093
412400201
412400214
412400222
412400228
412400249
412400516
412401596
412402188
412410667
412410715
412410823
412410828
412411023
412411644
412411697
412411811
412411821
412412058
412412532
412412546
412412621
412412848
412412937
412412955
412413112
412413307
412413335
412413404
412413419
412413946
412413989
412414040
412414353
412415292
412416082
412416179
412416234
412416329
412416558
412416677
412416748
412417372
412417526
412417651
412417786
412417818
412417996
412418119
412418129
412418156
412418491
412418635
412418811
412418821
412418914
412418939
412419249
412419985
412420
412420196
412420312
412420374
412420427
412420433
412420535
412420574
412420609
412420697
412420794
412420798
412420812
412420816
412420833
412420864
412420867
412420985
412421004
412421005
412421066
412421068
412421077
412421081
412421448
412421927
412421957
412422205
412422297
412422392
412422561
412422562
412422655
412422926
412423029
412423077
412423079
412423443
412423803
412424221
412424312
412424317
412424318
412424705
412425203
412425261
412425957
412426468
412426575
412427042
412427064
412427313
412427531
412427617
412427622
412427627
412427706
412427728
412427941
412428193
412428335
412428351
412428369
412428419
412428436
412428441
412428599
412428986
412429059
412430692
412431564
412431681
412431753
412432205
412432596
412432882
412433753
412433759
412433881
412433946
412435107
412435141
412435578
412435604
412435616
412435757
412436152
412436178
412436412
412436435
412436715
412436788
412436958
412437573
412437587
412437588
412437651
412437694
412437962
412438055
412438073
412438112
412438115
412438125
412438142
412438437
412438559
412438586
412438615
412438661
412438742
412439046
412439077
412439401
412439477
412439484
412439492
412439494
412439537
412439555
412439588
412439663
412439666
412439668
412439672
412439674
412439693
412439697
412439702
412439704
412439745
412439902
412439909
412439919
412440009
412440241
412440332
412440361
412440563
412440564
412441055
412441134
412441144
412441159
412441194
412441241
412441277
412441313
412441398
412441445
412441449
412441522
412441546
412441598
412441599
412441604
412441624
412441655
412441668
412441687
412441737
412441771
412441946
412441982
412442006
412442034
412442048
412442062
412442098
412442138
412442164
412442169
412442239
412442319
412442424
412442477
412442481
412442518
412442536
412442604
412442638
412442639
412442699
412442767
412442807
412442936
412443066
412443067
412443089
412443180
412443415
412443515
412443869
412443876
412443886
412443938
412443946
412444332
412444596
412444649
412444659
412444665
412444724
412444739
412444745
412444812
412444813
412444814
412445035
412445036
412445293
412445321
412445498
412446285
412447092
412447373
412447421
412447437
412447562
412447752
412447782
412448092
412448147
412448203
412448564
412448580
412449082
412449305
412449362
412449635
412449705
412449716
412449842
412450003
412450017
412450095
412450476
412450628
412450989
412451225
412451398
412452124
412452148
412452175
412452224
412452491
412452979
412453888
412456889
412457733
41245982
412460067
412460158
412460164
412460233
412460245
412460247
412460308
412460417
412460431
412460536
412460537
412460656
412460712
412460714
412460809
412460846
412460872
412460911
412461223
412461358
412461364
412461372
412461414
412461642
412461651
412461677
412461686
412461785
412461788
412461849
412461894
412461998
412461999
412462213
412462225
412462298
412462319
412462388
412462404
412462411
412462485
412462553
412462635
412462652
412462662
412462682
412462707
412462744
412462776
412462806
412462956
412463048
412463085
412463227
412463252
412463335
412463372
412463475
412463618
412463622
412463691
412463693
412463776
412463791
412463839
412463929
412463993
412464401
412464507
412464551
412464618
412464622
412464666
412464704
412464724
412464733
412464996
412465019
412465145
412465185
412465238
412465302
412465493
412465522
412465635
412465637
412467335
412467456
412467475
412467493
412467552
412467689
412467717
412467795
412467802
412467847
412467942
412467951
412467962
412468023
412468043
412468058
412468114
412468127
412468206
412468219
412468309
412468326
412468342
412468374
412468375
412468392
412468589
412468682
412468696
412468747
41246889
412469159
412469259
412469263
412469361
412469369
412469403
412469408
412469484
412469523
412469528
412469536
412469557
412469599
412469605
412469733
412469875
412469921
412470053
412470196
412470207
412470401
412470482
412470501
412470561
412470582
412470612
412470631
412470634
412470635
412470639
412470646
412470833
412470876
412470958
412470984
412471063
412471314
412472529
412473026
412474721
412474757
412475043
412475244
412475292
412476126
412476786
412476932
412477029
412477609
412477771
412478231
412478279
412478378
412479213
412479647
412480211
412480219
412480717
412480952
412481004
412481538
412481547
412481569
412481619
412481637
412481757
412481832
412481925
412482046
412482111
412482174
412482213
412482273
412482298
412482343
412482415
412482416
412482438
412482493
412482515
412482518
412482667
412482981
41248883
412492085
412500668
412501666
412511878
412520178
412520179
412520210
412520217
412520855
412520889
412520943
412521266
412521333
412521349
412521755
412521819
412522123
412522228
412522443
412522658
412522779
412522866
412522874
412523145
412523171
412523256
412523641
412524469
412524499
412524575
412524686
412524705
412524879
412551070
412552228
412555552
412556576
412557088
412565564
412568412
412574123
412581001
412595070
412596300
412603077
412605088
412606388
412610012
412612098
412622888
412654389
412658986
412659386
412665578
412667755
412667940
412676430
412678908
412689540
412694550
41269518
412696740
412697150
412698768
412702405
412702551
412765850
412766640
41278146
412800321
412802105
412803188
412805018
412805811
412811068
412813055
412836719
412843904
412854785
412860186
412860366
412862103
412862153
412863077
412863078
412880788
412880936
412881046
412885041
412886353
412895889
412921053
412956566
412958885
412994000
412999337
413000081
413000339
413000832
413001088
413001181
413001406
413001486
413001593
413001898
413001951
413002669
413003129
413003131
413004558
413006311
413008086
413008581
413008707
413008901
413009377
413011288
413016952
413022111
413024668
413060312
413061269
413061333
413061599
413069084
413070707
413071002
413081195
413082388
413086333
413088336
413090127
413118889
413154255
413201411
413201530
413201616
413204970
413221055
413234568
413256846
413300480
413324338
413324439
413324452
413324456
413324465
413324471
413324478
413324480
413324483
413328091
413328727
413345567
413365333
413366666
413378902
413412111
413420001
413420002
413424580
413428788
413434444
413444480
413452828
413456870
413466588
413480730
413502508
413509886
413526268
413567821
413585458
413586625
413600270
413600316
413601031
413603067
413603173
413628980
413674156
413691210
413698250
413700003
413700540
413762368
413776226
413791501
413800218
413800234
413803046
413806055
413810012
413810058
413810169
413810543
413816073
413840010
413875688
413880840
413881116
413881405
413881766
413883946
413883947
413888122
41388888
413896898
413900465
413986251
413991677
41399999
414004143
414160929
414856980
414903943
414995420
415000019
415000521
415000530
415000533
415000550
415000556
415000558
415000560
415001032
415002537
41500786
41500787
415015029
415167788
415222072
415222208
415222501
415222502
415222503
415222504
415222505
415389920
415389946
415389950
415389970
415389971
415442787
415595962
41566888
415786734
415961761
415961768
415961769
415961779
415961807
415961818
415961828
415961831
415961833
415961856
415961869
415961892
415999106
415999111
415999157
415999159
415999178
415999191
415999198
415999199
415999211
415999220
415999240
4160
416000014
416000138
416000234
416000235
416000293
416000298
416000302
416000307
416000347
416000357
416000388
416000394
416000458
416000459
416000487
416000508
416000519
416000605
416000618
416000637
416000667
416000687
416000698
416000718
416000767
416000853
416000934
416001008
416001036
416001117
416001166
416001198
416001235
416001238
416001248
416001251
416001262
416001269
416001309
416001324
416001327
416001343
416001344
416001358
416001362
416001404
416001415
416001421
416001424
416001425
416001426
416001427
416001432
416001433
416001444
416001446
416001448
416001468
416001484
416001497
416001509
416001511
416001515
416001516
416001521
416001525
416001529
416001541
416001549
416001564
416001566
416001576
416001584
416001585
416001645
416001654
416001659
416001666
416001667
416001673
416001676
416001777
416001787
416001792
416001795
416001803
416001814
416001821
416001854
416001893
416001907
416001931
416001967
416001971
416001989
416001995
416002038
416002051
416002062
416002065
416002066
416002067
416002072
416002293
416002318
416002329
416002362
416002383
416002406
416002413
416002481
416002553
416002602
416002658
416002778
416002787
416002813
416002815
416002822
416002831
416002912
416002916
416002938
416002982
416003012
416003024
416003025
416003147
416003238
416003265
416003277
416003406
416003422
416003451
416003615
416003656
416003682
416003802
416003898
416003907
416003934
416003954
416003973
416003974
416004014
416004034
416004097
416004206
416004209
416004218
416004225
416004253
416004254
416004272
416004344
416004389
416004403
416004451
416004471
416004477
416004489
416004523
416004545
416004581
416004599
416004636
416004637
416004643
416004685
416004696
416004745
416004754
416004767
416004768
416004770
416004771
416004802
416004810
416004811
416004845
416004854
416004864
416004874
416004876
416004919
416004920
416004956
416004965
416005015
416005020
416005036
416005043
416005044
416005048
416005050
416005055
416005057
416005062
416005066
416005067
416005103
416005109
416005131
416005136
416005137
416005145
416005149
416005153
416005173
416005179
416005193
416005225
416005239
416005265
416005285
416005297
416005345
416005346
416005362
416012306
416012640
416016872
416020526
416022567
416026616
416026746
416028026
416029255
416029542
416039500
416041037
416042065
416042142
416042173
416042179
416042197
416059604
416059622
416059626
416071500
416088021
416088031
416090078
416100006
416100021
416111116
416112212
416112255
416112266
416112277
416112600
416114313
416121500
416121600
416126598
416131800
416137900
416138967
416141700
416149700
416153500
416154700
416158800
416159500
416161118
416180500
416182700
416191700
416200018
416200023
416200044
416200057
416200093
416200097
416200098
416204227
416206146
416206700
416211700
416211900
416212700
416213500
416215600
416220700
416222222
416247900
416306416
416306439
416306471
416330217
416407821
416440666
416450002
416458542
416458543
416458547
416458561
416458577
416458603
416458609
416458610
416501258
416568202
416596895
416663336
416789000
416853000
416881745
416905074
416957563
417000283
417000306
417000448
417000531
417000651
417001439
41802238
418060777
419000021
419000023
419000028
419000038
419000041
419000642
419000757
419001027
419001540
419001584
419002379
419002420
419002422
419002542
419002559
419002561
419002594
419002595
419002596
419002597
419002641
419002749
419002822
419002843
419003216
419003298
419003305
419003327
419003328
419003393
419003579
419003868
419004201
419006712
419008242
419008243
419058318
419067318
419068318
419101941
419101951
419101992
419101994
419101995
419101996
419101997
419102058
419102060
419163818
419341461
419341812
419341815
419341820
419341821
419341824
419341825
419341957
419341959
419341960
419341961
419434188
419457318
419800330
419813843
419813844
419839101
419858318
419900107
419900643
419901135
419901194
419901208
419901211
419901251
419901309
419901310
419901311
419901321
419901322
419901324
419901325
419901326
419901327
419901330
419901346
419901348
419901353
419901359
419901387
419901478
419901517
419901518
419901531
419901596
419906316
419950006
419950099
421004321
421717565
422000002
422000121
422073400
422174213
422200444
422371407
422400000
422488485
422524000
422546778
425963560
428110000
428136000
428150078
428150610
428483000
430
430178000
431000540
431000580
431000702
431000801
431001147
431001548
431001553
431001572
431001578
431001589
431001591
431001592
431001633
431001634
431001637
431001638
431001642
431001644
431001645
431001646
431001647
431001648
431001649
431001733
431001888
431001964
431002143
431002322
431002323
431002324
431002325
431002326
431002327
431002328
431002329
431002331
431002332
431002333
431002334
431002336
431002338
431002339
431002363
431002388
431002389
431002571
431002763
431002769
431002824
431002826
431002827
431003065
431003363
431003948
431003949
431004048
431004111
431004155
431004159
431004206
431004213
431004279
431004349
431004541
431004613
431004999
431005188
431005303
431005304
431005306
431005307
431005308
431005347
431005383
431005641
431005678
431005817
431005876
431005877
431005892
431005901
431006131
431006215
431006235
431006253
431006311
431006316
431006351
431006374
431006419
431006433
431006434
431006435
431006439
431006483
431006485
431006486
431006613
431006742
431006799
431006805
431006842
431006863
431006937
431006989
431007015
431007024
431007029
431007031
431007054
431007056
431007074
431007085
431007088
431007089
431007092
431007107
431007112
431007122
431007131
431007141
431007142
431007148
431007171
431007173
431007176
431007183
431007186
431007187
431007191
431007192
431007193
431007196
431007205
431007209
431007251
431007273
431007281
431007286
431007295
431007296
431007298
431007303
431007319
431007321
431007322
431007323
431007324
431007326
431007329
431007334
431007335
431007336
431007337
431007342
431007344
431007354
431007369
431007379
431007387
431007396
431007408
431007453
431007461
431007489
431007493
431007514
431007534
431007692
431007707
431007708
431007725
431007737
431007802
431007838
431007859
431007869
431007876
431007883
431007886
431007907
431007923
431007953
431007954
431008002
431008033
431008034
431008066
431008073
431008074
431008085
431008091
431008092
431008093
431008094
431008102
431008112
431008113
431008115
431008116
431008119
431008136
431008155
431008167
431008173
431008204
431008205
431008206
431008207
431008208
431008209
431008211
431008222
431008245
431008246
431008247
431008248
431008252
431008254
431008255
431008256
431008261
431008263
431008269
431008272
431008277
431008287
431008288
431008289
431008292
431008295
431008296
431008297
431008298
431008301
431008303
431008305
431008312
431008318
431008324
431008325
431008334
431008349
431008378
431008379
431008426
431008445
431008469
431008485
431008501
431008539
431008546
431008581
431008596
431008597
431008598
431008601
431008604
431008611
431008613
431008617
431008635
431008636
431008639
431008666
431008668
431008709
431008714
431008719
431008721
431008722
431008728
431008737
431008748
431008751
431008753
431008754
431008755
431008756
431008766
431008773
431008779
431008791
431008809
431008861
431008866
431008868
431008869
431008876
431008878
431008879
431008881
431008882
431008884
431008893
431008899
431008908
431008958
431008962
431008975
431009023
431009035
431009052
431009064
431009093
431009121
431009124
431009127
431009129
431009169
431009174
431009199
431009235
431009252
431009254
431009312
431009319
431009356
431009404
431009412
431009447
431009453
431009466
431009475
431009476
431009477
431009497
431009535
431009536
431009537
431009541
431009542
431009583
431009618
431009687
431009745
431009753
431009765
431009766
431009772
431009775
431009776
431009795
431009808
431009832
431009854
431009856
431009862
431009863
431009888
431009901
431009918
431009974
431010032
431010065
431010071
431010125
431010164
431010241
431010262
431010295
431010298
431010307
431010352
431010358
431010366
431010435
431010441
431010509
431010558
431010721
431056000
431085000
431121000
431158000
431200126
431200302
431200439
431200661
431200662
431200706
431200830
431212000
431430000
431445000
431500430
431500682
431500836
431501528
431501586
431501733
431505000
431525000
431600123
431600125
431600330
431600710
431600865
431600975
431600996
431601013
431601070
431601098
431601130
431601134
431601288
431601320
431601398
431601657
431601859
431601945
431601968
431602006
431602008
431602073
431602090
431602190
431602203
431602204
431602212
431602260
431602291
431603230
431700099
431700153
431700203
431700288
431700297
431700322
431700327
431700336
431700342
431700348
431700387
431700388
431700477
431700539
431700576
431700578
431701440
431701560
431702000
431703970
431709000
431720000
431739000
431795000
431800080
431800090
431800276
431800310
431800334
431800390
431800575
431800576
431800603
431800681
431800695
431900076
431900143
431900202
431928000
432322000
432398000
432453000
432497000
432585000
432635000
432685000
432708000
432850000
432895000
435656789
43676060
436827810
436952886
440000110
440000760
440002330
440002645
440002860
440002950
440002960
440003030
440003090
440003130
440003180
440003840
440003850
440003920
440004020
440004110
440004120
440004280
440004340
440004450
440004840
440005280
440006290
440006530
440006840
440007460
440008760
440009690
440009820
440010580
440012350
440013250
440013410
440014590
440015710
440016250
440016550
440016560
440016660
440017320
440017550
440017680
440019130
440019540
440019790
440019870
440020130
440020230
440020960
440021440
440021740
440021830
440022120
440022530
440022780
440022850
440022910
440023650
440024860
440031560
440033480
440034860
440040970
440047930
440049540
440053000
440100420
440100480
440100880
440100980
440101140
440101210
440101230
440102080
440102340
440103080
440103140
440103270
440103301
440103310
440103470
440103490
440103540
440104140
440104840
440105130
440106020
440106230
440106810
440107810
440107820
440108130
440108220
440108280
440108340
440108380
440108450
440108590
440109290
440110370
440110480
440110490
440110970
440111130
440111540
440111860
440112580
440112940
440113040
440113840
440114160
440114340
440114770
440115031
440115590
440115620
440115630
440116330
440116560
440116680
440116730
440116950
440117080
440117101
440117170
440118740
440119240
440119390
440119790
440119980
440120590
440120610
440120760
440121100
440121130
440122450
440122470
440123290
440123540
440123640
440123650
440123690
440124210
440124640
440125550
440125710
440125740
440125999
440128570
440128730
440129190
440129330
440130570
440131000
440131040
440131520
440133690
440134350
440135370
440136910
440138430
440139260
440141770
440142110
440142450
440143080
440144410
440144660
440144730
440144940
440145160
440145380
440145390
440145760
440145870
440145880
440146220
440146730
440146840
440147180
440147570
440148060
440148070
440148539
440149270
440149340
440150230
440150234
440150520
440150590
440150820
440150980
440151170
440151390
440152090
440152180
440152320
440152650
440152920
440152940
440152950
440153130
440153171
440153670
440153920
440154130
440154310
440154470
440154550
440154680
440155220
440155720
440156140
440156470
440156520
440156780
440157060
440157320
440157820
440158240
440158420
440158520
440159560
440160320
440161470
440161570
440161950
440165370
440167150
440167780
440170480
440177990
440200206
440200229
440204810
440205150
440205420
440205520
440205930
440206810
440207550
440207890
440207970
440208280
440209470
440209480
440209620
440210680
440210890
440210970
440212120
440212280
440212410
440212800
440212860
440213060
440213190
440213350
440213420
440213670
440215030
440215070
440215350
440217980
440218540
440220120
440221280
440221640
440221650
440222140
440222890
440222970
440223480
440223800
440224320
440224390
440224430
440224590
440239000
440301020
440301880
440302250
440302480
440303010
440303170
440303420
440304180
440305130
440305860
440306190
440306660
440307070
440307540
440308620
440308730
440309790
440310560
440310680
440311350
440311870
440312090
440312580
440312620
440312750
440313810
440314850
440315510
440316220
440316990
440317550
440317560
440318260
440318310
440318930
440320380
440322470
440323090
440323550
440323890
440324080
440326510
440326830
440328720
440330640
440331910
440332370
440332940
440334430
440334440
440334510
440334530
440334580
440335020
440336280
440336630
440403370
440404620
440405790
440405960
440412160
440502880
440503740
440504980
440505490
440505610
440540000
440542000
440600410
440600980
440671000
440698000
440700390
440700650
440700740
440700850
440701220
440701230
440701450
440701550
440701670
440701780
440702110
440702310
440702680
440703280
440703570
440703940
440703990
440704030
440704120
440704850
440705260
440706260
440706520
440706850
440707050
440755
440778000
440825000
440913087
440954000
441066000
441201727
441201728
441201729
441201730
441201731
441201732
441226015
441239687
441734000
441769000
441853000
441865000
441930000
442477196
443011120
448
450532395
452122121
455359000
455360000
455362000
455364000
455365000
455389000
456
460003078
462
462810168
466511360
466511400
466511500
466512090
466512100
466512230
466512710
466512980
466513680
466514390
466514490
466514980
466515090
466515230
466515360
466515470
466515810
466516040
466516390
466516400
466516710
466517300
466517950
466518120
466518540
4678
47133960
47147590
475103714
475616830
4779900
49
503005730
503025160
503048420
503054240
503640600
506006072
507027
510012000
510070000
510077000
511000600
5116788
51177
512004998
512005523
512430000
514560574
51805918
518100170
518100171
518100401
518100402
520232000
525001177
525014085
525073160
525990014
525990047
525999953
527918
53
532461
533000203
533190007
533190016
533190017
533190018
533190117
533190127
533190197
533190263
533190265
533190267
533190269
533190277
533190335
533190338
533190339
533190453
533190466
533190471
533190472
533190473
533190474
533190481
533190589
533190592
533190593
533190598
533190626
533190643
533190645
533190659
533190666
533190668
533190679
533190682
533190683
533190686
533190687
533190688
533190691
533190693
533190699
533190701
533190705
533190711
533190712
533190715
533190726
533190736
533190741
533190746
533190747
533190749
533190753
533190754
533190758
533190763
533190788
533190794
533190801
533190803
533190804
533190805
533190808
533190812
533190813
533190815
533190888
533190974
533191005
533191022
533191032
533191033
533191034
533191036
533191055
533191069
533191074
533191086
533191107
533191108
533191116
533191118
533191119
533191121
533191125
533191159
533191162
533191178
533191181
533191183
533191185
533191188
533191198
533191246
533191247
533191256
533191261
533191278
533191283
533191299
533191313
533191592
533191823
533191866
533191881
533191893
533191904
533191927
533191929
533191968
533191979
533191991
533191994
533192002
533192027
533192029
533192256
533192262
533192284
533192367
533901312
533901759
533901767
538722012
540000610
540002000
542536514
548003100
548044500
548057500
548163100
548227100
548347100
548786200
552178000
553111735
553111751
553111777
553111790
553111850
553111857
555012819
555621777
555666222
55666889
561501064
5625
563012235
563030150
565869499
567000035
567000051
567108848
567109188
567109193
567109578
567900311
57084140
57173720
576121
576634000
582
585858588
5918
59304581
593350079
593350083
593350092
600002875
600005357
600010885
600011564
600011569
600011779
600013078
600013122
600013561
600069076
60007000
60100000
601000999
601003400
601057400
601057900
601089100
601111999
601113400
601122600
601139500
60115
601191400
601250800
601263800
601367500
601418000
601425000
601684000
601695000
601730000
601795000
601853300
6023
603100157
603100178
603100184
60387
605066265
6085
60911278
61
610
61004850
610088
61026
612203783
616563000
616616
616708000
6182
620048000
620049000
620051000
620053000
620055000
621000000
621000001
621000002
621000003
622330368
626
627090000
627143000
627151000
627178000
627181000
627222000
627223000
627599000
627950000
627951000
627981000
62799400
631789011
6333
633301928
635019400
637333000
637333700
642122034
642383000
642606000
642606020
642606101
642609000
642711000
642711010
642795000
645407000
654000006
654657770
657110400
657133800
657142500
65797
659074000
659075000
659251000
659257000
659339000
659396000
659409000
659423000
660000070
660002300
663134000
663144000
663146000
663178000
664000023
664000210
664272000
664540000
664542000
664558000
664563000
664633000
666606967
666666966
666888
672504000
672522000
677072500
68665
700054201
700054429
700054443
701000506
701000547
701000628
701000629
701000681
701000710
701000743
701000764
701000768
701000823
701000845
701000892
701000908
701000950
701000959
701000962
701006055
701006059
701006082
701006131
701006132
701006134
701006147
701006214
701006215
701006614
701006615
701009994
70501
70711
710109683
710232550
71062
710751809
710979483
711145401
711680307
71192
712198924
71222
719780977
720123000
725000131
725000192
725000193
725000197
725000570
725009500
730016000
730052000
747011701
747063141
755072000
760000002
760000003
760000080
760000180
760000320
760000380
760000390
760000520
760000610
760000910
760000920
760001020
760001190
760001360
76000203
760124000
76118
762178000
762600178
765555555
769999991
770576121
770576124
770576186
775602000
7788
77999
782000118
7827847
787687
790701418
80000001
800000826
800001067
800003333
800003442
800004800
800004917
800005325
800008134
800010746
800013328
800015001
800017850
800020206
800021403
800022006
800023432
800023437
800023439
800026067
800026321
800026391
800027195
800030074
800031282
800032977
800033541
800033549
800033655
800033817
800035518
800035544
800035547
800035764
800036324
800036663
800036764
800036902
800037394
800037632
800037693
800037880
800037923
800037970
800037989
800038086
800038260
800038263
800040979
800041026
800041399
800042311
800043600
800043601
800043681
800044134
800044455
800044512
800044616
800045251
800045254
800045256
800047504
800049085
800049524
800049835
800049855
800050348
800050400
800050456
800050465
800050826
800050901
800050928
800051098
800051110
800051142
800051156
800051157
800051177
800051179
800051263
800051602
800052220
800052477
800052502
800054137
800054234
800055548
800072217
800097569
800125475
80014576
800150901
800200009
800213566
800241466
800260811
800300200
800412012
800778690
800847136
801000001
801000002
8017
80333
8072781
810040407
811021191
811021731
811111218
812331776
812442701
8196
820040768
820040834
820040978
82110
838198213
840123723
850202235
853
854562120
856106695
861186
87015
872003726
875413017
875414276
875433553
875444138
877223259
877223262
877223277
877223299
877223300
877223339
877224497
878
88
8800058
8802722
8803388
8803833
8804111
8804208
8804786
8805006
8805038
8805089
8805092
8805106
8805198
8805586
8805588
8805596
8805598
8805599
8805637
8805678
8806137
8808096
8808201
8809533
8809556
8812148
8812345
8813193
8813833
8814068
8814367
8814610
8814618
8815051
8815083
8815105
8815160
8815289
8815565
8818888
8829081
885021314
8855508
88588
8861886
887222225
88738
887524
8877777
88815879
888803168
888803374
888809888
888810295
888810303
888810322
888810575
888810588
888810668
888810688
888810868
888811188
888811488
888811688
888815054
888815068
888815081
888816519
888816688
888816826
888816875
888816894
888816926
888817556
8888668
888880049
88889999
8890009
89
890000000
891200356
898171599
8987356
898980002
900000085
900000689
900003235
900003327
900004374
900007138
900007140
900008106
900008413
900009103
900011380
900012050
900012625
900013943
900014857
900015538
900016151
900016855
900017249
900017259
900017267
900017324
900017537
900017674
900017740
900017912
900017958
900018077
900019301
900019754
900021672
900022480
900022487
900022932
900023161
900023633
900023688
900023775
900023842
900025206
900025236
900025357
900025393
900025799
900025806
900026536
900027876
900028476
900028480
900028512
900028621
900028760
900028888
900028964
900028980
900029421
900029724
900030038
900030107
900030262
900032028
900036621
900062808
900084011
900086822
900124882
900134521
900200029
900200316
900201311
900201925
900201931
900201988
900204358
900233201
900298617
900300328
900300402
900300514
900301317
900301489
900305853
900307332
900312388
900320114
900330325
900330414
900363105
900365880
900366104
900400103
900401524
900406765
900406866
90040729
900407718
900464118
900471701
900472305
900513098
900606150
900900298
900925475
901015788
9010621
901408801
901471702
9020177
9021727
9021957
902902835
902909486
902911958
902962063
902962068
903223777
905010252
905106633
905110228
905115075
905115108
905116802
905116806
905116876
905116907
905117888
905119618
905132868
905195105
910040408
910040429
910060741
91009160
91014
9102213
9102216
9102276
9102346
9102638
9102647
9102659
9102799
9103923
9103960
9104404
9104467
9106097
9108613
9108888
9111111
912041981
912190429
912300078
913041471
913041473
913041921
9158
91681688
924467387
926000928
926023456
926082883
926101136
926211006
926307001
927000122
941000669
980012221
980012331
9801293
98209222
98301368
98301528
98303452
98305902
98305986
98306642
98307530
98307784
98308004
98308471
98308487
98308498
98308499
98308579
98308580
98308587
98308595
98308654
98308666
98308807
98309150
98309219
98309531
98309620
98309657
98309794
98309797
98309811
98309813
98309898
98309915
98309944
98309976
98309977
98310030
98310120
98310470
98310484
98310512
98310583
98310623
98310655
98310697
98310882
98310928
98311191
98312389
98312527
98312887
98312963
98313054
98313791
98313958
98314010
98314066
98314072
98314197
98314380
98314533
98314753
98314827
98314853
98315018
98316112
98316255
98316256
98316273
98316274
98316309
98316333
98316335
98316345
98316393
98316500
98316501
98316751
98316811
98316828
98317246
98317473
98317480
98317703
98317724
98317791
98317860
98318196
98320181
98320202
98320403
98320413
98320708
98320721
98320748
98320749
98320753
98320757
98320806
98320808
98320809
98320944
98321020
98321022
98321052
98321060
98321076
98321077
98321081
98321082
98321096
98321129
98321159
98321210
98321245
98321425
98321453
98321470
98321485
98321512
98321516
98321609
98321793
98321827
98321854
98321876
98321986
98322111
98322114
98322381
98322686
98322688
98322754
98322926
98322936
98322945
98322984
98323162
98323479
98323497
98323521
98323531
98323551
98325194
98325291
98325301
98325303
98325304
98325306
98325307
98325310
98325316
98325429
98325514
98325793
98325796
98325810
98325812
98325827
98326217
98326220
98326229
98326406
98326893
98327034
98327206
98327209
98327588
98327890
98327918
98327949
98327951
98327997
98327999
98328662
98328664
98328665
98328667
98328685
98328753
98328754
98328777
98330311
98330677
98330833
98330985
98331752
98331759
98332133
98332401
98332715
98333126
98333555
98333567
98333568
98333609
98333618
98333642
98334339
98334368
98335765
98335775
98335832
98335833
98335836
98335840
98335844
98335851
98335865
98335867
98335869
98335874
98336205
98336207
98336209
98336958
98336964
98336974
98337014
98337015
98337020
98337059
98337064
98337117
98337564
98337576
98337578
98337586
98337592
98338037
98338056
98338069
98338102
98345623
985381017
98765432
98812879
988661888
99
990010109
990010347
990010385
990010929
990010942
990010968
990010976
990010979
990010981
990010997
990011448
990011668
990015007
990015026
990016219
990016529
990016816
990016821
990016830
990016835
990016900
990016901
990016956
990019212
990051888
990099999
9917058
996276119
996276120
997753422
998
998500817
998504507
9988081
998833209
999123369
999801007
999802369
999900006
999988999
99999665
999996666