100004146
100011388
100066888
100287221
1003084356
100800051
100800085
100811148
100850885
100880543
100881741
100887546
100889657
100889709
100889783
100895173
100895220
100895499
100895917
100895988
100896616
100897367
100897428
100897429
100897463
100897487
100897495
100897506
100897518
100897520
100897524
100897532
100897896
100898085
100898119
100898121
100898124
100898138
100898141
100898310
100898613
100898614
100898638
100898798
100898819
100899644
100899653
100899658
100899767
100899962
100900076
10123
101600548
101600848
106811101
108333336
108666259
108666743
108668622
108668711
108668735
108669219
108669227
108669917
108670005
108670009
108670186
108670207
108670325
11077
1110109
11103
11103189
11111
11112222
111150045
11118
111205006
111222
111381688
11188
11197
11220
11221
11311
11333
11346
1135
11397
11532240
118
1193
12228
12342541
123456094
123456811
12347
123470
12348
12358
12373
123789
12432
1249
125
125588837
1260
12868
1288
13060
130701832
13363
13891515
14022
14030
14089
14334
14381438
1458
14647
1475
150200322
150201631
150203712
150203713
150204240
150204261
150402944
150402947
150402951
15260
160201061
1643264
16560
16668
166888888
16816888
168816688
168888
17000716
170900036
171129017
1731
17999
183888
1851
187
1888
188800063
188804009
19089
198712131
200000328
200000676
200002328
200002429
200002626
200003101
200003311
200003693
200003813
200004133
200004534
200005058
200005400
200005944
200006135
200006253
200006677
200006688
200006947
200007135
2000080
200008055
200008464
200010003
200012314
200012464
200012710
200013173
200013335
200013365
200013454
200014360
200014514
200014651
200014659
200014701
200014914
200015953
200015961
200016010
200016042
200016083
200016304
200017041
200017048
200017208
200017324
200017326
200017365
200018050
200018305
200018350
200019291
200019610
200019617
200019662
200019824
200020096
200020573
200020733
200020773
200020783
200020795
200020802
200021621
200021920
200022005
200022025
200022268
200022306
200022424
200022482
200022501
200023362
200024473
200026187
200032990
200033079
200033080
200033090
200033106
200033118
200033146
200041955
200042991
200216276
200995958
201000463
201100100
201601272
201601297
201601312
201601321
201601345
201603008
201603339
201607306
201610002
201610066
201610999
203102
2034
204212000
204248000
205346000
2057
207822650
207826760
208668687
210153000
2111
211101000
211196000
211285880
211313600
211313780
211314320
211438440
211692850
212475000
213003000
213004000
213005000
213006000
213007000
213008000
213363000
213367000
213832000
213947000
213979000
213994000
213995000
213996000
213997000
213998000
21441
215555888
2181
218363000
219000617
219001189
219001265
219001555
219001559
219002023
219002368
219002506
219003369
219003561
219003959
219004307
219004343
219004344
219005216
219005286
219005803
219005881
219005883
219005919
219005937
219006235
219006593
219006598
219006719
219007313
219007479
219007577
219007727
219008396
219009041
219009229
219009413
219011867
219011885
219012352
219013391
219014692
219015318
219015338
219016005
219016469
219017576
219017723
219018769
219018998
219021176
219022022
220000051
220038000
220128000
220202000
220228000
220242000
220352000
220353000
22071
22123
222
22263
222888
223123456
224003530
224004800
224005270
224005670
224005820
224005870
224006930
224007230
224007840
224008250
224009240
224009250
224009750
224010630
224010990
224011110
224011270
224011550
224011830
224012590
224012830
224012890
224012980
224012990
224013050
224013090
224013220
224013710
224013910
224014120
224014210
224014440
224014460
224014490
224014550
224014590
224014850
224014950
224015120
224015340
224015930
224015950
224016220
224016620
224016630
224016890
224017840
224018370
224018390
224018430
224018540
224018770
224019440
224019690
224020220
224020390
224021550
224021650
224021730
224021860
224021940
224022140
224022170
224022330
224022590
224022730
224022920
224023480
224023580
224024540
224024830
224025180
224025230
224025560
224026170
224026230
224026280
224026690
224027250
224027520
224027550
224027670
224027970
224028620
224031640
224031990
224032170
224032470
224032730
224040470
224042780
224042890
224043370
224043730
224043760
224043770
224043850
224043950
224044230
224044370
224045180
224045630
224045640
224045880
224046150
224046390
224046790
224047160
224047260
224047270
224047340
224047360
224047430
224047490
224047870
224047990
224048290
224048850
224049270
224049290
224049380
224049670
224049990
224050230
224050240
224050370
224050530
224051590
224051690
224052340
224052450
224052850
224053240
224054180
224054990
224055180
224055250
224055440
224055450
224055790
224055830
224055870
224055940
224056130
224056170
224056190
224056740
224056960
224057890
224057930
224058130
224058930
224059230
224059740
224060850
224061430
224061990
224062360
224063680
224063780
224064170
224064450
224065000
224066140
224066460
224066570
224066590
224066650
224066970
224067130
224067470
224067630
224067670
224068290
224068470
224068480
224068550
224068980
224069550
224070440
224070630
224071730
224071740
224071750
224071870
224071970
224071980
224072230
224072270
224072650
224072690
224072890
224072990
224073290
224073570
224073660
224073960
224074290
224074680
224074740
224075000
224075180
224075440
224075830
224076360
224076530
224077140
224077390
224078290
224079040
224079580
224079740
224079770
224079860
224080660
224080940
224080990
224082150
224083120
224083350
224084460
224084990
224085730
224085830
224085930
224085960
224086550
224086630
224086640
224086740
224087220
224087230
224087340
224087460
224087870
224088280
224089170
224089260
224089290
224089490
224090120
224092140
224092340
224092730
224092830
224093360
224093430
224093460
224093550
224093640
224093760
224093890
224094320
224094470
224094570
224094660
224094870
224095240
224095390
224095430
224095620
224095660
224096290
224096320
224096480
224096680
224097160
224097380
224097670
224097680
224097930
224097970
224098330
224098390
224098720
224098870
224099440
224100120
224100160
224100190
224100870
224102340
224102540
224102950
224103570
224104170
224104240
224104340
224104420
224104430
224105450
224105480
224105890
224105920
224106190
224106240
224106860
224106950
224107250
224107270
224107670
224108490
224108520
224109470
224110360
224111190
224111820
224111960
224112130
224117340
224119550
224119750
224121650
224122570
224122930
224123720
224123730
224124260
224125140
224127330
224127360
224127390
224127540
224128190
224128230
224128320
224128520
224128680
224128890
224129890
224130750
224131270
224131820
224132570
224132580
224132650
224133306
224133770
224133790
224133980
224134380
224134480
224134690
224134990
224135340
224135590
224136570
224137530
224137550
224137780
224138680
224139290
224139450
224140280
224140330
224141360
224142580
224143980
224144580
224144590
224145180
224147180
224150760
224151570
224153640
224153680
224154730
224155590
224155750
224162360
224162840
224162930
224164540
224164580
224166440
224166850
224166990
224167130
224167520
224167590
224168220
224168820
224168930
224169260
224169660
224171140
224171840
224172220
224172830
224173230
224173660
224175190
224175320
224175670
224175790
224175970
224176390
224177240
224177460
224177970
224178000
224178880
224180740
224181530
224182270
224182770
224182930
224184270
224185240
224185250
224186000
224186490
224187770
224191750
224193790
224194470
224194620
224197230
224198230
224198440
224199380
224199980
224201160
224202860
224204620
224205360
224205420
224205630
224205880
224206240
224206260
224208650
224209620
224209690
224210180
224211350
224211440
224212150
224212280
224212820
224212830
224213920
224215230
224215430
224216660
224217120
224218360
224219230
224219340
224219360
224220650
224221160
224221190
224221320
224222430
224222560
224225320
224225750
224226580
224226670
224227590
224229980
224231150
224231980
224233730
224234250
224235170
224236340
224237650
224237690
224238430
224239920
224244180
224245370
224245520
224249640
224249690
224250860
224252120
224253750
224255190
224256930
224257340
224257360
224258570
224259150
224262170
224262260
224264190
224265670
224265690
224266880
224267590
224269350
224270370
224271770
224272000
224274380
224275390
224277580
224282870
224285230
224292130
224292770
224296330
224296450
224296460
224297260
224297270
224297280
224297320
224298620
224298660
224301340
224303360
224304540
224304560
224304860
224305820
224305940
224306530
224310450
224310520
224320160
224322370
224323960
224324950
224324960
224324970
224324980
224329000
224330760
224330780
224333460
224334450
224340950
224340970
224343930
224343940
224346760
224346850
224348190
224350280
224355280
224355430
224362430
224364180
224364230
224364370
224364880
224368930
224372560
224373420
224373520
224375550
224377530
224378390
224384000
224384590
224389290
224391480
224391570
224396270
224416530
224435690
224437640
224438370
224445000
224448260
224456000
224457450
224472000
224496000
224501970
224503170
224552470
224552620
224557340
224568880
224568940
224577480
224706000
224716000
224820000
22487118
224906120
224906170
224906180
224926000
224936000
224938000
224940000
224943000
224961640
225018770
225023220
225309000
225361000
225941860
225976980
225980581
225980880
225985363
225985890
225986455
225987356
225987542
225988106
225988313
226180000
226246000
227048380
227107100
227109900
227113100
227131900
227132100
227143700
227155000
227278190
227285160
227300230
227300250
227300270
227301110
227306990
227311190
227311220
227311230
227311480
227312440
227315060
227316020
227317360
227317390
227317520
227317560
227317630
227317890
227317910
227317980
227318310
227318330
227318380
227318540
227319170
227319270
227319430
227319460
227320020
227320080
227320510
227320580
227320760
227321790
227322180
227322520
227323070
227338000
227389000
227396000
227573000
227582920
227583000
227589070
227594760
227596220
227603030
227619840
227625350
227625380
227635980
227638580
227643640
227646110
227647080
227692790
227777140
227783530
227910000
228066700
228067700
228129900
228131800
228155000
228195800
228206600
228207000
228215800
228221900
228222600
228238800
228293900
228295900
228298000
228702000
230053240
230069190
230081570
230117380
230346000
230627000
230942350
230942640
230982910
230984790
230985650
230996080
231108294
231166000
231220000
231330000
232003730
232004057
232004064
232004676
232004893
232004947
232004952
232006590
232006934
232006940
232006949
232007083
232007758
232008841
232010027
232012025
232012209
232012362
232012640
232012783
232012931
232326000
233282000
233586000
233820000
234079000
234093000
234122000
234311000
23455555
2349
235000280
235000315
235000476
235000529
235000596
235000604
235000781
235000840
235000942
235001052
235001310
235001440
235001497
235001810
235002274
235002430
235002598
235002743
235003103
235003481
235003595
235003808
235003825
235003953
235004005
235004088
235004392
235004421
235004690
235005059
235005216
235005947
235006149
235006436
235007418
235007493
235007575
235007884
235007942
235007951
235007968
235008225
235008329
235008523
235010340
235012019
235012445
235013516
235013676
235013957
235017834
235021642
235023512
235023688
235023713
235023725
235023784
235023984
235024318
235028482
235030769
235032983
235033443
235033694
235033874
235033876
235034108
235034437
235035024
235035883
235037363
235051239
235051891
235053875
235054325
235054892
235055004
235055552
235058829
235059169
235060644
235060915
235061559
235062009
235064432
235065047
235068114
235068209
235069734
235070239
235071337
235071578
235072171
235072918
235073321
235073521
235074212
235075462
235076225
235076457
235077124
235077264
235078058
235080238
235080465
235080695
235080845
235080875
235081001
235082052
235083174
235083558
235084047
235084419
235084486
235085146
235086338
235086424
235086596
235087027
235087904
235088308
235088442
235088644
235088739
235088774
235089141
235089182
235090357
235090787
235090809
235091405
235095109
235095948
235096011
235097404
235097703
235098054
235098868
23509931
235099563
235099592
235099666
235100553
235101348
235101674
235102047
235102493
235103000
235103423
235105729
235107255
235107428
235108164
235108713
235108832
235108863
235108948
235108962
235108967
235109204
235109229
235109332
235109342
235109469
235109488
235109926
235110123
235110563
235111006
235112234
235112236
235112513
235112648
235112983
235113371
235113683
235114473
235114563
235114687
235115624
235115772
235116625
235116827
235116846
237004000
237014000
237015000
237045000
237048000
237061000
237078000
237085000
237089000
237097000
237127000
237155000
237163000
237171000
237175000
237178000
237180000
237190000
237215000
237221000
237228000
237248000
237249000
237256000
237291000
237305000
237308000
237312000
237313000
237329000
237333700
237334000
237335000
237343000
237345000
237346000
237371000
237396000
237401000
237402000
237430000
237431000
237441000
237445000
237446000
237448000
237450000
237453000
237506000
237535000
237544000
237546000
237604000
237610000
237623000
237664000
237802000
237850000
237880000
237883000
237885000
237914000
237930000
237934000
237954000
237962000
237964000
237980000
237993000
237994000
237995000
238017540
238018340
238028240
238052940
238103440
238111111
238114940
238117340
238117940
238147540
238153540
238162240
238204140
238211140
238217440
238223540
238231640
238281140
238283740
238285040
238294140
238309540
238316240
238317140
238343740
238350540
238361240
238361340
238366840
238369040
238372140
238381540
238393540
238400640
238400840
238413540
238469740
238469840
238556710
238561110
238582510
238591240
238593140
238598010
238613210
238621510
238622310
238644110
238654710
238673640
238675840
238742840
238744540
238751940
238752040
238752140
238759040
238763140
238764940
238765040
238765540
238767240
238770640
238771340
238771540
238778540
238790840
238794240
238825840
238836740
238837240
238882640
238892340
238899140
238899240
238902840
238909140
238955340
238957040
238960540
238963340
238972240
238989740
238993240
239013000
239017000
239023000
239025000
239058000
239079000
239093000
239116000
239121000
239122000
239201000
239222000
239295000
239296000
239330000
239340000
239344000
239400000
239420000
239459000
239462000
239468000
239506000
239510000
239526000
239599000
239707000
239734000
239750000
239988200
240
240096000
240104000
240105000
240107000
240219000
240222000
240252000
240253000
240274000
240312000
240315000
240331000
240338000
240368000
240384000
240419000
240427000
240428000
240429000
24054990
240550000
240588000
240643000
240707000
240737000
240819000
240895000
240910000
241020000
241021000
241110000
241119000
241582000
242003100
242005100
242060100
242063100
242065100
242130100
242694100
242920000
244020461
244150996
244434000
244615829
244620146
244740354
244780214
244846000
244870056
245053000
245751000
245856000
24593300
246273005
246364000
247030890
247042630
247048680
247048880
247048990
247049190
247049490
247050530
247051830
247063310
247065200
247065610
247066290
247068070
247068130
247069530
247070740
247070850
247071020
247071420
247072740
247072810
247072840
247073090
247073570
247074630
247076150
247077280
247079380
247080310
247080330
247080650
247080670
247080770
247080810
247080840
247080850
247080920
247081060
247081090
247081190
247081220
247081240
247081260
247081430
247081440
247081520
247081540
247081550
247081580
247081590
247081610
247081690
247081720
247081730
247081740
247081850
247081930
247081990
247082030
247082080
247082290
247082320
247083020
247083070
247083180
247083190
247083220
247083230
247083240
247083250
247083260
247083280
247083320
247083380
247083420
247083440
247083450
247083470
247083480
247083530
247083540
247083550
247083630
247083840
247083860
247083920
247084010
247084290
247084310
247084380
247084450
247084520
247084670
247084730
247084790
247085190
247085360
247085680
247085770
247085860
247086570
247086860
247087110
247088050
247088770
247090830
247090850
247090860
247090880
247090910
247090930
247090950
247090980
247091060
247091080
247091090
247091110
247091620
247092230
247092290
247092320
247092330
247092370
247092380
247092390
247092550
247092750
247092770
247092780
247092790
247092810
247092830
247092850
247092860
247092870
247092890
247092920
247092950
247092980
247092990
247093010
247093030
247093040
247093050
247093060
247094050
247094170
247094260
247094280
247094310
247094330
247094340
247094360
247094370
247094550
247094630
247094960
247096440
247096450
247096470
247096930
247097280
247097740
247099210
247099280
247099360
247099420
247099790
247099810
247099820
247099830
247100000
247100490
247100510
247100580
247100620
247100630
247101880
247102360
247103510
247104060
247108400
247110130
247110170
247110360
247110380
247110430
247110550
247110770
247110810
247110830
247110980
247111060
247111270
247111950
247112110
247112630
247113010
247113920
247113940
247113970
247114040
247114560
247114670
247114740
247115050
247119090
247120130
247120180
247120390
247120550
247120570
247120850
247120860
247120970
247121020
247121110
247121340
247121360
247121370
247121380
247121530
247121660
247121680
247121730
247121790
247121810
247121820
247121880
247121970
247122030
247122110
247122130
247122190
247122210
247122240
247122250
247122310
247122330
247122350
247122460
247122510
247122520
247122570
247122630
247122670
247122850
247122920
247123030
247123160
247123290
247123460
247123630
247123880
247123890
247124010
247124220
247124390
247124510
247124560
247124610
247124680
247124710
247125250
247125340
247125580
247125620
247125640
247125650
247125730
247125820
247126260
247126690
247126820
247126890
247127130
247127450
247127590
247127890
247128190
247128810
247129960
247130230
247130250
247130280
247130290
247130310
247130320
247130650
247130740
247130830
247131080
247131140
247131320
247131440
247131490
247131610
247131680
247132590
247132680
247133170
247140210
247140360
247140580
247140610
247140770
247140830
247141020
247141050
247141070
247141640
247142160
247142230
247142480
247142520
247143460
247143930
247144090
247144420
247144490
247144640
247144750
247145010
247145650
247145790
247146110
247146270
247146320
247146590
247146640
247147010
247149150
247150040
247150170
247150230
247150270
247150350
247150420
247150830
247150920
247151980
247151990
247152020
247152130
247152140
247152210
247152310
247154230
247155030
247155210
247155630
247156780
247202490
247231980
247231990
247232010
247250620
247252280
247252970
247255060
247255860
247270920
247271480
247280790
247280850
247280940
247281240
247281420
247281480
247281510
247282130
247300030
247300290
247300570
247300860
247300990
247301080
247301120
247301460
247301980
247303280
247304010
247304660
247305480
247306030
247306040
247308090
247354400
249000210
250000054
250000122
250000135
250000511
250000546
250000633
250000775
250000869
250000870
250000956
250001048
25000116
250001511
250001676
250002521
250002522
250002601
250002704
250002747
250002836
250002874
250003377
250004144
250004173
250004287
250004351
25001559
25010360
250104640
250104890
250105550
250106400
250107450
250122460
250184000
250267000
250365000
250379000
250401000
2506
251034000
251063000
251069110
251089000
251116740
251129000
251138340
251154110
251156000
251162110
251166540
251192840
251194440
251215110
251218240
251251110
251263640
251268540
251272340
251292940
251304240
251326340
251332240
251333240
251333540
251363440
251389540
251412440
251422540
251466740
251470440
251478440
251486110
251491340
251504840
251505440
251520240
251525240
251559110
251582340
251730110
251791240
251792740
251813440
251840840
251843840
2547
256004552
257002910
257003200
257004040
257013680
257014550
257021310
257021870
257021970
257028680
257031670
257032910
257034220
257037950
257090440
257094540
257112420
257112500
257118040
257121600
257124740
257131740
257145920
257148220
257165920
257178340
257187020
257198940
257202320
257204640
257219820
257221440
257236600
257262800
257279900
257295220
257306840
257314240
257316720
257330520
257348620
257349420
257354620
257370600
257380120
257422220
257422420
257434420
257454800
257455220
257455420
257469000
257595600
257614250
257634700
257642980
257659700
257684500
257704900
257716720
257735600
257791500
257866500
257877590
257995500
257999179
258138000
258141000
258995160
259242000
259380000
26000008
26082608
261001620
261005970
261106453
263235000
263286000
263385000
263401340
263401480
263401550
263403390
263404660
263406940
263408000
263408380
263408450
263411270
263412460
263413850
263415250
263418250
263418390
263426980
263435250
263500232
263500313
265551874
265588470
265619590
265621060
265643510
265645310
265666680
265670730
265699610
265704020
265722000
265758360
265759240
265771000
265781800
265781810
265782750
266053000
266095000
266139000
266254000
266274000
266319000
266365000
267181950
26968
271040047
271042147
271043668
271043717
271044372
271044603
271056002
271056017
271056027
271056043
271056049
271062015
271062016
271062017
271062041
271062042
271062047
271062069
271062076
271062090
271062091
271062092
271062101
271062108
271062114
271066002
271066004
271066006
271069022
271069029
271069041
271069043
271072012
271072024
271072035
271072036
271072038
271072043
271072083
271072102
271072112
271072118
271072145
271072147
271072168
271072173
271072174
271072178
271072179
271072187
271072188
271072194
271072195
271072198
271072200
271072222
271072231
271072246
271072249
271072261
271072264
271072270
271072328
271072337
271072370
271072393
271072401
271072419
271072420
271072426
271072430
271072439
271072441
271072447
271072449
271072451
271072457
271072478
271072480
271072492
271072494
271072503
271072504
271072514
271072520
271072525
271072553
271072562
271072563
271072583
271072598
271072600
271072602
271072623
271072641
271072661
271072674
271072703
271072707
271072714
271072717
271072722
271072725
271072739
271072740
271072741
271072742
271072758
271072769
271072796
271072835
271072855
271072857
271072862
271072874
271072889
271072912
271072929
271072938
271072941
271072990
271073000
271073034
271073069
271073070
271073081
271073089
271073095
271073121
271073148
271073150
271073152
271073191
271073205
271073217
271073237
271073239
271073244
271073245
271073249
273000049
273000436
273009353
273219600
273242010
273313050
273315570
273324230
273350610
273372840
273374740
273375430
273380130
273385020
273388720
273390040
273393830
273393950
273413800
273413910
273420088
273427000
273433640
273447930
273561200
273828800
273845310
273847400
273852400
273878400
275273000
275412000
276174000
276370000
276377000
276659000
276825000
277187000
277189000
277442000
2838
285
298
299
3001
300600102
303030
30321788
303345000
303428000
303546000
303674000
303684000
30861111
316001412
316001454
316001649
316001821
316001997
316002097
316002518
316002801
316002836
316003581
316003695
316004000
316004229
316004718
316004771
316004776
316004915
316004985
316005105
316005265
316005292
316005302
316005329
316005381
316005531
316005846
316006059
316006063
316006294
316006609
316006938
316007352
316007555
316009572
316009970
316010511
316011403
316011640
316011850
316012140
316012580
316012749
316013350
316013660
316017106
316017648
316017838
316018766
316021024
316021117
316021475
316022682
316023154
316023598
316023627
316024842
316025653
316026159
316026578
316028312
316028346
316028514
316029351
316030899
316030976
316031009
316031026
316031572
316034234
316065000
32023
32071111
3218
324457899
325686538
331000149
331519000
333
333310122
33333333
334117000
334455176
335889000
338045981
338047475
338077247
338087003
338099856
338108826
338114252
338126698
338130603
338131079
338132083
338137487
338141000
338144027
338145235
338150482
338150531
338154899
338164774
338165129
33816747
338169941
338175766
338180395
338181423
338182138
338182684
338185055
338186593
338195648
338203701
338207376
338212303
338217554
338224435
338227387
338229321
338229355
338229893
338230278
338243826
338271000
338303918
338626000
338643000
338693000
338757000
34
341591000
341884000
345840129
345881482
345881507
345882903
345905874
35002490
35031151
359001000
3639
366047000
366062000
366070000
366083819
366211560
366384000
366468000
366472920
366556140
3666
366705860
366726270
366733140
366739880
366788850
366813390
366816810
366822810
366823870
366834830
366849480
366857350
366860000
366864820
366866750
366869850
366874160
366876730
366886330
366892680
366899750
366904830
366910520
366920560
366920840
366926988
366927920
366934440
366946150
366947090
366950060
366950140
366953940
366970070
366970140
366971230
366980490
366983550
366986140
366986220
366989420
366989730
366991610
367001510
367002630
367008130
367009820
367010820
367011440
367016590
367016610
367019860
367023390
367028490
367032960
367037960
367041410
367051920
367053620
367056030
367056452
367056642
367061810
36706320
367064000
367069490
367074060
367074540
367078130
367081140
367084830
367085280
367085340
367085680
367085960
367086820
367088150
367088160
367088290
367088350
367091040
367092780
367096560
367096590
367108660
367108780
367108810
367109350
367109910
367112210
367115490
367115570
367120060
367122850
367125630
367125980
367126440
367126460
367133130
367133950
367134750
367137170
367138430
367143320
367143770
367148780
367152680
367153430
367156270
367161000
367161430
367161870
367162750
367163370
367166240
367166250
367166260
367166270
367166280
367166350
367170350
367171480
367175390
367177980
367181980
367182240
367185320
367186240
367186320
367188980
367190320
367300080
367300830
367301830
367306820
367307690
367308320
367309090
367310080
367310250
367310440
367314090
367314210
367314660
367316510
367316710
367317360
367319000
367324020
367327960
367331190
367331210
367331290
367331870
367332090
367334770
367341940
367342330
367343160
367344810
367347000
367347420
367348240
367352040
367352970
367354330
367355530
367370920
367371890
367373350
367375690
367380330
367386950
367387050
367388160
367391270
367396360
367400720
367401660
367403260
367403640
367408210
367410620
367411950
367412240
367412830
367413040
367426420
367429010
367431410
367432270
367435150
367435910
367438840
367439350
367439440
367439730
367443940
367444760
367449130
367450010
367450320
367452240
367453280
367455130
367455230
367458460
367458870
367458890
367462410
367463190
367465140
367466760
367471790
367472910
367481820
367485720
367489540
367489610
367490090
367491040
367492340
367494840
367500890
367501450
367503940
367506660
367509710
367511370
367511840
367512610
367513750
367516930
367519360
367524510
367526640
367526970
367526980
367530000
367537080
367537260
367540520
367544130
367546670
367548430
367549930
367550060
367551640
367552230
367554840
367555440
367555860
367556530
367557020
367565130
367568710
367573350
367580950
367582530
367583740
367588230
367599280
367601420
367606480
367607220
367610810
367612680
367622740
367623430
367623690
367629060
367635370
367638420
367639380
367650000
367650350
367656540
367656980
367659220
367672690
367677380
367677940
367680750
367682480
367683890
367687850
367689320
367696380
367704750
367707630
367708360
367709770
367711270
367711290
367711540
367714330
367717050
367717380
367717750
367719780
367720130
367720660
367723210
367723230
367723350
367723510
367724540
367725470
367727840
367728060
367728590
367729000
367729560
367730000
367730860
367732930
367734540
367734950
367735070
367735740
367736030
367742510
367742780
367743340
367743640
367743960
367744990
367746689
367747750
367749250
367749730
367753970
367754530
367754630
367756640
367767850
367767860
367771080
367771990
367772490
367772750
367777090
367781240
367791160
368000240
368004540
368006880
368008390
368014220
368016250
368293000
368313000
369515000
37213000
376517000
393
399989190
40051
403207970
403209570
408901001
408901003
408901017
408901030
408901145
408901154
408901168
408901237
408901242
408901521
408901546
408901549
408901573
408901618
408901669
408901672
408901720
408901741
408901753
408902053
408902115
408902117
408902144
408906552
408906556
408906664
408906864
408906866
408906867
408906871
408906872
408906873
408906875
408906885
408906886
408906887
408906890
408906891
408906897
408906917
408906926
408906931
408906936
408906938
408906940
408906941
408906945
408906954
408906963
408906970
408906976
408906978
408906979
408906984
408906990
408907000
408907007
408907010
408907012
408907019
408907021
408907180
408907181
408907183
408907184
408907185
408907186
408907187
408907188
408907189
408907190
408907191
408907192
408907194
408907196
408907197
408907199
408907201
408907203
408907206
408907207
408907208
408907209
408907210
408907211
408907213
408907214
408907216
408907218
408907219
408907220
408907221
408907222
408907223
408907224
408907226
408907227
408907229
408907231
408907232
408907234
408907235
408907237
408907238
408907239
408907240
408907243
408907245
408907247
408907248
408907249
408907250
408907251
408907253
408907254
408907255
408907257
408907259
408907260
408907261
408907262
408907263
408907265
408907267
408907269
408907270
411
412002142
41200895
412011421
412013228
412026068
412059100
412060508
412062812
412062872
412070118
412075176
412088268
412100175
412111798
412112347
412113346
412115102
412151102
412151901
412200215
412200253
412200419
412200656
412200722
412200729
412200752
412201388
412201483
412201552
412201827
412201867
412201869
412201871
412201872
412202095
412202421
412202472
412202491
412202512
412202568
412202653
412202655
412203305
412203448
412203528
412203571
412203575
412203577
412203585
412203587
412203687
412203711
412203749
412204042
412204046
412204049
412204195
412204612
412205043
412205061
412205232
412205471
412205520
412205779
412205783
412206003
412206078
412206095
412206331
412206417
412206421
412206429
412206432
412206468
412206483
412206503
412206506
412206507
412206511
412206513
412206515
412206516
412206525
412206556
412206565
412206572
412206576
412206579
412206586
412206587
412206617
412206657
412206763
412207343
412207353
412207403
412209187
412209198
412209233
412209610
412209620
412209630
412209640
412209650
412210278
412210569
412210571
412210734
412211102
412211157
412211171
412211173
412211195
412211279
412211811
412214274
412214783
412215173
412215312
412215332
412215667
412216072
412217169
412217215
412217257
412217566
412217989
412219001
412219007
412220355
412221257
412221261
412221529
412221532
412221539
412221541
412221569
412221575
412221596
412221597
412221611
412227777
412228228
412251015
412260048
412281247
412285266
412286086
412286894
4123
412313315
412315888
412320
41232199
412323915
412324005
412324088
412324916
412325765
412325902
412326798
412326883
412328093
412328453
412329394
412329434
412329435
412329459
412329461
412329691
412330091
412330419
412331063
412331118
412331119
412331182
412331214
412332667
412333395
412334465
412335306
412340051
412340946
412341668
412342138
412342362
412342380
412342552
412342846
412342855
412342879
412343255
412344114
412344115
412346213
412348782
412354176
412354737
41235588
412360217
412360968
412370639
412378960
412403159
412403316
412411811
412420
412420196
412420312
412420374
412420427
412420433
412420535
412420574
412420609
412420656
412420697
412420798
412420812
412420816
412421004
412421005
412421081
412422561
412424312
412425203
412430759
412431564
412431681
412433753
412433946
412435138
412436958
412437241
412439902
412440563
412440564
412440942
412441598
412441599
412441604
412441668
412442477
412443886
412443938
412445293
412447782
412448092
412448147
412448203
412449705
412449842
41245982
412460067
412460097
412460158
412460236
412460291
412460312
412460323
412460872
412461274
412461364
412461488
412461586
412461629
412461642
412461757
412461777
412461926
412462101
412462213
412462388
412462404
412462553
412462652
412462669
412462776
412462885
412462925
412462956
412462968
412463196
412463227
412463252
412463275
412463335
412463349
412463601
412463839
412463982
412464551
412464917
412465079
412465144
412465238
412465302
412465318
412465493
412467552
412467717
412467813
412467942
412467951
412468003
412468026
412468043
412468058
412468314
412468392
412468682
412468747
41246889
412469057
412469181
412469259
412469317
412469514
412469528
412469536
412469557
412469627
412469904
412469921
412470196
412470399
412470497
412470501
412470537
412470539
412470543
412470631
412470634
412470635
412470639
412470646
412470661
412470876
412470984
412471249
412471272
412471314
412471316
412471526
412471613
412472022
412472061
412472263
412472387
412472919
412473026
412473052
412473069
412473151
412473458
412474701
412474721
412475244
412475649
412476914
412479269
412479287
412479647
412480211
412480219
412480952
412481004
412481163
412481326
412481538
412481547
412481553
412481569
412481576
412481637
412481802
412481872
412482046
412482111
412482174
412482212
412482213
412482273
412482343
412482643
412482667
412482765
412482981
41248883
412520145
412520178
412520181
412520210
412520217
412520228
412520252
412520996
412521333
412521755
412521819
412522063
412522228
412522452
412522456
412522779
412523126
412523127
412523171
412523218
412523256
412523397
412524686
412524705
412556576
412561189
412565564
412668628
412694550
41269518
412696740
412765850
41278146
412805018
412808181
412812968
412813898
412860366
412862182
412865913
412999337
412999499
413003131
413005803
413061008
413098892
41310021
413201411
413234568
413324478
413428788
413556987
413591823
413603067
413603816
413691210
413698250
413762368
413791501
413800199
413800218
413800234
413803008
413803067
413803070
413810012
413810043
413810058
413810169
413813040
413813167
413814018
413840010
413871130
413880101
413880840
413881116
413883946
413883947
413888122
41388888
413905136
41399999
414995420
415090519
415222501
415222502
415222503
415222504
415222505
415389946
415389950
415389970
415389971
41566888
415961761
415961769
415961779
415961793
415961807
415961818
415961828
415961831
415961833
415961856
415961869
415961892
415999106
415999111
415999157
415999198
415999240
4160
416000138
416000234
416000293
416000302
416000307
416000347
416000357
416000458
416000459
416000528
416000618
416000637
416000787
416000963
416001036
416001117
416001238
416001246
416001251
416001324
416001327
416001343
416001344
416001358
416001362
416001404
416001421
416001424
416001425
416001426
416001433
416001444
416001446
416001497
416001509
416001515
416001516
416001529
416001549
416001564
416001576
416001584
416001585
416001654
416001659
416001666
416001667
416001673
416001777
416001787
416001795
416001803
416001854
416001884
416001907
416001931
416001967
416001971
416002051
416002065
416002066
416002072
416002297
416002318
416002329
416002362
416002406
416002651
416002787
416002815
416002831
416003012
416003265
416003277
416003615
416003656
416003907
416003974
416004014
416004206
416004209
416004389
416004451
416004466
416004523
416004643
416004696
416004745
416004767
416004768
416004810
416004811
416004848
416004874
416004876
416004956
416004965
416005029
416005043
416005048
416005050
416005057
416005103
416005136
416005137
416005145
416005149
416005153
416005239
416005283
416005297
416005345
416005346
416005347
416005362
416005367
416005411
416005495
416005838
416012640
416022567
416028026
416030303
416041594
416041632
416041634
416042173
416059602
416059622
416071500
416090078
416112212
416112255
416112266
416112277
416114313
416121500
416121600
416126598
416149700
416153500
416182700
416191700
416200018
416200023
416200044
416200057
416211700
416211800
416247900
416306401
416330217
416458542
416458603
416501111
416702239
416832713
416881745
416883947
416903291
416957563
417000448
417000531
417001439
41802238
419000013
419000038
419000059
419001027
419002420
419003581
419058318
419067318
419101940
419101951
419101992
419101995
419101996
419101997
419102058
419102059
419104390
419163818
419341812
419341815
419341821
419341824
419341957
419341959
419341960
419341961
419434188
419435102
419457318
419800330
419813844
419839101
419900014
419900027
419900122
419901233
419901251
419901309
419901310
419901311
419901312
419901313
419901321
419901322
419901323
419901324
419901326
419901327
419901328
419901329
419901330
419901341
419901342
419901343
419901345
419901346
419901348
419901351
419901352
419901353
419901354
419901355
419901356
419901357
419901359
419901360
419901362
419901370
419901379
419901382
419901385
419901387
419901406
419901407
419901408
419901409
419901410
419901416
419901421
419901450
419901453
419901478
419901479
419901482
419901483
419901494
419901500
419901502
419901513
419901514
419901516
419901517
419901518
419901519
419901523
419901525
419901528
419901531
419901532
419901566
419901567
419901568
419901569
419901570
419901572
419901602
419901612
419901613
419901614
419901615
419901625
419901640
419901641
419901651
419901679
419901680
419901681
419901688
419901709
419902558
419902641
419939101
419950006
419950099
421717565
422
422000002
422000121
422200444
422371407
422378015
422400000
422456085
422488485
422546778
422607000
430
430178000
431000540
431000648
431000702
431000801
431000996
431001147
431001548
431001553
431001572
431001578
431001589
431001591
431001592
431001633
431001634
431001637
431001638
431001642
431001644
431001645
431001646
431001647
431001648
431001649
431001733
431001888
431002322
431002323
431002324
431002325
431002326
431002327
431002328
431002329
431002331
431002332
431002333
431002334
431002336
431002338
431002339
431002363
431002388
431002389
431002425
431002763
431002769
431002824
431002826
431002827
431003065
431003363
431003949
431004048
431004206
431004213
431004279
431004349
431004541
431004613
431004999
431005188
431005306
431005307
431005308
431005347
431005383
431005641
431005678
431005817
431005892
431005901
431006235
431006253
431006311
431006316
431006351
431006374
431006419
431006433
431006434
431006435
431006439
431006481
431006483
431006485
431006486
431006609
431006613
431006644
431006841
431006842
431006863
431006989
431007015
431007024
431007026
431007031
431007032
431007038
431007039
431007056
431007069
431007074
431007085
431007088
431007089
431007091
431007092
431007107
431007112
431007114
431007123
431007131
431007141
431007142
431007148
431007171
431007173
431007176
431007186
431007187
431007191
431007193
431007196
431007205
431007209
431007251
431007273
431007281
431007286
431007295
431007296
431007303
431007319
431007321
431007322
431007323
431007324
431007326
431007329
431007334
431007335
431007337
431007344
431007369
431007379
431007387
431007396
431007408
431007453
431007461
431007489
431007493
431007496
431007514
431007702
431007707
431007708
431007725
431007737
431007802
431007838
431007859
431007876
431007883
431007907
431007954
431008033
431008034
431008066
431008085
431008091
431008092
431008093
431008094
431008112
431008113
431008115
431008116
431008119
431008136
431008155
431008167
431008173
431008204
431008205
431008206
431008207
431008208
431008209
431008211
431008222
431008245
431008246
431008247
431008248
431008252
431008254
431008255
431008256
431008261
431008263
431008269
431008272
431008287
431008288
431008289
431008295
431008296
431008297
431008298
431008301
431008303
431008305
431008312
431008318
431008324
431008325
431008329
431008334
431008349
431008378
431008379
431008402
431008426
431008445
431008469
431008485
431008501
431008539
431008546
431008597
431008598
431008601
431008609
431008611
431008617
431008635
431008636
431008639
431008666
431008668
431008709
431008714
431008719
431008721
431008722
431008727
431008728
431008748
431008751
431008753
431008754
431008755
431008756
431008766
431008809
431008861
431008866
431008868
431008869
431008876
431008877
431008878
431008879
431008881
431008884
431008893
431008899
431008908
431008958
431008974
431008975
431009025
431009026
431009035
431009052
431009064
431009093
431009121
431009124
431009149
431009169
431009174
431009199
431009235
431009246
431009252
431009254
431009312
431009315
431009319
431009343
431009356
431009404
431009412
431009447
431009466
431009475
431009476
431009477
431009492
431009497
431009541
431009542
431009618
431009639
431009687
431009753
431009766
431009772
431009775
431009776
431009808
431009812
431009832
431009854
431009856
431009862
431009863
431009866
431009918
431009974
431010008
431010032
431010065
431010071
431010099
431010125
431010152
431010154
431010164
431010191
431010193
431010196
431010199
431010201
431010202
431010206
431010233
431010238
431010241
431010243
431010244
431010288
431010295
431010307
431010315
431010358
431010366
431010435
431010441
431010509
431010514
431010558
431010575
431010601
431010603
431010665
431010666
431010667
431010676
431010692
431010721
431010751
431010777
431010778
431010791
431010797
431010801
431010802
431010805
431010833
431010866
431010882
431010904
431011051
431011052
431011059
431011066
431011121
431011155
431011159
431011233
431011307
431011425
431056000
431085000
431200126
431200302
431200439
431200661
431200662
431200706
431300273
431301066
431430000
431500430
431500682
431501586
431501733
431600330
431600865
431600975
431600996
431601013
431601121
431601134
431601288
431601320
431601398
431601657
431601859
431601945
431601968
431602006
431602008
431602073
431602090
431602203
431602204
431602212
431602291
431603230
431700099
431700153
431700203
431700297
431700322
431700327
431700336
431700342
431700348
431700387
431700388
431700477
431700539
431700576
431700578
431720000
431795000
431800090
431800276
431900143
432453000
432497000
432635000
432708000
432850000
432895000
43676060
438010113
440000110
440000760
440002330
440002645
440002720
440002860
440002950
440003030
440003060
440003090
440003130
440003180
440003840
440003850
440003920
440004020
440004110
440004120
440004340
440004450
440004580
440004840
440005001
440005040
440005280
440005610
440005660
440006120
440006290
440006530
440006840
440007460
440008760
440008780
440009690
440009820
440009850
440010580
440011650
440012350
440012680
440013250
440013410
440013830
440014590
440015090
440015710
440016250
440016370
440016550
440016560
440016660
440016890
440016960
440017580
440017680
440018700
440018940
440019240
440019540
440019620
440019790
440019870
440020130
440020960
440021440
440021740
440021830
440021910
440022120
440022530
440022780
440022820
440022850
440022910
440023650
440024090
440024860
440031560
440033480
440034860
440040290
440046632
440047930
440049480
440049540
440053000
440058090
440061540
440078040
440081430
440100383
440100420
440100480
440100980
440101210
440101230
440101440
440101510
440102080
440102340
440103140
440103220
440103270
440103301
440103470
440103490
440103810
440104140
440104380
440104390
440104840
440105130
440106020
440106230
440106520
440106810
440107810
440107820
440108130
440108220
440108280
440108340
440108380
440108450
440108590
440108790
440109130
440109290
440110280
440110370
440110480
440110490
440110970
440111130
440111540
440111860
440111910
440112580
440112940
440113030
440113040
440113390
440113840
440114160
440114340
440115031
440115590
440115620
440115630
440115640
440116330
440116560
440116730
440116950
440117080
440117170
440118740
440119240
440119390
440119790
440119980
440120590
440121100
440121130
440121280
440122470
440122660
440122730
440123290
440123360
440123690
440123850
440124530
440124640
440124670
440124690
440124980
440125020
440125080
440125460
440125550
440125710
440125740
440125999
440126830
440128570
440128730
440130740
440130750
440131040
440131070
440131080
440131520
440132160
440133120
440133690
440133920
440134330
440134350
440135070
440135370
440138430
440139180
440139260
440141850
440142110
440142550
440142760
440143080
440143450
440143770
440144410
440144660
440144730
440144850
440144940
440145160
440145380
440145390
440145760
440145870
440145880
440146220
440146840
440147180
440148060
440148070
440148539
440149270
440149340
440150230
440150234
440150520
440150590
440150820
440150980
440151170
440151190
440151280
440151290
440151390
440151880
440152180
440152320
440152650
440152750
440152920
440152950
440153130
440153570
440153670
440153920
440154130
440154310
440154330
440154470
440154680
440155220
440155720
440156140
440156170
440156780
440157060
440157320
440157660
440157820
440157920
440158140
440158240
440158420
440158520
440159560
440160320
440161470
440161570
440161950
440162150
440163860
440164020
440165370
440167110
440167150
440167780
440168350
440168790
440169130
440170480
440171020
440172420
440172480
440174210
440200206
440200229
440202400
440202550
440204810
440205420
440205520
440205930
440206810
440207550
440207890
440207970
440208280
440208540
440208630
440208870
440209480
440209620
440210680
440210890
440210970
440212120
440212280
440212410
440212860
440213060
440213190
440213350
440213420
440213670
440215030
440215070
440215350
440215410
440216530
440217270
440217980
440220120
440221280
440221640
440221650
440222140
440222890
440222970
440223020
440223480
440223630
440223800
440224320
440224390
440224430
440224590
440239000
440258230
440300406
440300510
440301020
440301880
440302480
440302630
440303090
440303120
440303170
440303280
440303290
440303320
440303420
440303830
440303960
440304180
440304280
440304550
440304820
440304870
440305130
440305560
440305860
440305980
440306190
440306580
440306620
440307070
440307540
440307570
440307850
440308370
440308380
440308620
440308730
440308810
440308960
440308990
440309640
440310120
440310560
440310580
440310680
440310960
440311350
440311380
440311450
440311470
440311870
440312620
440313110
440313460
440313810
440314360
440314530
440314720
440314850
440315510
440315660
440315690
440315750
440316060
440316220
440316790
440316990
440317060
440317180
440317550
440318040
440318180
440318260
440318310
440318540
440318730
440318930
440318960
440319750
440320420
440321340
440321880
440322470
440322760
440323090
440323250
440323550
440324080
440324460
440325780
440325850
440326210
440327290
440327340
440328720
440328760
440330050
440330570
440330640
440331170
440331910
440332370
440332790
440332940
440334240
440334430
440334440
440334510
440334530
440334580
440335020
440335360
440336250
440336280
440336630
440401780
440402680
440403370
440404280
440404620
440404740
440405790
440405960
440411750
440411830
440412160
440412750
440414160
440501100
440502150
440502880
440503740
440504430
440504980
440505490
440505610
44052800
440600387
440600410
440600980
440700330
440700390
440700650
440700740
440700850
440700880
440701220
440701230
440701550
440701670
440701780
440702110
440702310
440703640
440703990
440704850
440705120
440705260
440705740
440706260
440706270
440706520
440706850
440707050
440755
440913087
440954000
440999990
441201732
441226015
441241829
441734000
441769000
441853000
441930000
448
455364000
455389000
456
460003078
462
462810168
462816888
463106007
466502240
466502250
466511320
466511400
466511460
466511500
466511970
466512010
466512090
466512160
466512230
466512710
466512980
466513240
466513970
466514350
466514390
466514490
466514590
466514890
466514980
466515070
466515090
466515230
466515240
466515350
466515360
466515810
466515940
466516040
466516150
466516320
466516390
466516400
466516440
466516800
466516820
466517020
466517300
466517360
466517620
466517950
466518120
466518150
466518540
466561580
4678
47133960
47147590
4779900
49
50015000
506006072
507027
508016000
511000600
51177
512430000
51805918
518100171
518100310
518100401
518100402
525001177
525014085
525990014
525990047
527918
532461
533190007
533190017
533190117
533190127
533190263
533190265
533190269
533190326
533190335
533190338
533190339
533190481
533190589
533190592
533190598
533190643
533190645
533190659
533190666
533190679
533190682
533190683
533190686
533190687
533190688
533190691
533190693
533190699
533190705
533190726
533190736
533190741
533190742
533190746
533190747
533190758
533190763
533190788
533190794
533190801
533190803
533190815
533191005
533191022
533191034
533191055
533191099
533191116
533191118
533191119
533191121
533191125
533191126
533191178
533191185
533191198
533191246
533191247
533191261
533191278
533191283
533191299
533191313
533191658
533191668
533191847
533191965
533191968
533191991
533192001
533192002
533192007
533192008
533192015
533192017
533192027
533192029
533192031
533192032
533192034
533192193
533192197
533192256
533192262
533192279
533192284
533192367
533192413
533192425
533192431
533192432
533192433
533192443
533192446
533192448
533192659
533901312
533901759
533901767
533901771
533901784
538
540000610
540003400
543242454
548003100
548044500
548057500
548227100
548786200
552178000
553111735
553111777
553111850
553111857
553245657
555621777
5625
563030150
563065270
567000051
567108848
567109188
567109193
567109578
568
5682
57084140
574562384
574569708
574592753
576121
582
5918
59304581
5979007
600005357
600010885
600011564
600011569
600011779
600013078
60007000
60029
60100000
601089100
601113400
601122600
60115
601263800
601367500
601390700
601423000
601695000
601730000
601795000
601853300
6023
603100167
603100178
603100184
60387
605066265
6085
60911278
61
610
61004850
610088
61026
6147
616563000
616616
616708000
61729
6182
620048000
620049000
626
631789011
6333
639
642122034
642247000
642383000
642606020
642606101
642609000
642711000
642711001
642711010
642795000
646
654000006
654657770
657110400
657130900
657133800
657142500
65797
659251000
659257000
659339000
659409000
66185
663144000
663146000
663178000
664272000
664542000
66518
666050100
666666966
666888
672504000
672522000
677072500
686
68665
6889
6978
700054201
701000629
701000829
701000845
701006134
701006215
710012813
710216021
710232550
71062
710751809
710979483
71222
725
725000192
725000570
726
728
729
730016000
730052000
737
739
746
755072000
760000080
760000150
760000180
760000320
760000390
760000520
760000610
760000910
760000920
760001020
760001190
760001360
76000203
760248888
760999991
76118
762178000
769999991
770
770576121
770576124
770576186
773000
7788
77999
782000118
783
795
80000001
800003333
800013328
800017850
800023432
800023437
800023439
800029340
800031282
800032589
800033541
800035518
800035544
800038263
800040849
800041026
800041399
800043600
800043601
800044134
800045128
800045251
800045256
800049014
800050400
800050456
800050465
800050928
800051098
800051110
800051142
800051156
800051157
800051177
800051179
800051263
800051327
800052220
800052477
800125475
800241466
800260811
800403005
800412012
800778690
800847136
801000001
801000002
80102478
8017
8018
80333
8072781
811111218
812442701
812452385
8196
820040768
820040978
820412007
82110
8388888
853
861186
87015
875414276
875421808
875433553
877223262
877223300
878
88
8800058
8800268
8801523
8801588
8802722
8803060
8803062
8803388
8803798
8804069
8804079
8804111
8804208
8804698
8804786
8805006
8805038
8805068
8805089
8805092
8805106
8805198
8805586
8805596
8805598
8805599
8805637
8805678
8806137
8807118
8808096
8808201
8809533
8809556
8812148
8812345
8813193
8813833
8814068
8814079
8814367
8814610
8814618
8815051
8815083
8815086
8815105
8815160
8815289
8815565
8818888
8829081
885021314
8855508
88588
887222225
88738
887524
8877777
88815879
888803248
888803374
888810303
888810322
888810575
888810588
888810668
888810688
888810868
888811488
888812688
888815054
888815068
888815081
888815090
888816688
8888668
888880049
888888111
8888887
88889999
8890009
89
898171599
8987356
900000085
900004374
900007138
900007140
900008172
900017239
900017267
900017912
900020625
900021672
900022932
900023552
900023627
900025236
900025357
900026536
900027876
900028621
900028760
900028964
900028980
900201311
900201925
900201931
900298617
900300226
900312388
900366104
90040729
900900298
9010621
9010980
901408801
9020177
9021957
902200811
90316920
905115075
905132868
905195105
910040408
91009160
91014
9102115
9102205
9102216
9102638
9102647
9102659
9102799
9103923
9103960
9104404
9104467
9108613
9108888
9111111
912190429
912300078
913041351
913041471
913041473
913041921
91681688
924467387
926082883
928
94000627
94000719
94000798
942
9661723
98007731
9801293
98072918
98209222
98303620
98305986
98306642
98307530
98308004
98308579
98308580
98308587
98308595
98308654
98308666
98308817
98308819
98309020
98309150
98309657
98309797
98309813
98309898
98309915
98310042
98310069
98310120
98310470
98310484
98310512
98310623
98310655
98310697
98310928
98311191
98312312
98312389
98312456
98312517
98312527
98312887
98312963
98313056
98313856
98313958
98314010
98314072
98314197
98314258
98314498
98314576
98314753
98314776
98314827
98316273
98316274
98316309
98316333
98316335
98316345
98316500
98316501
98316751
98316811
98316935
98317480
98317517
98317567
98317791
98319185
98319191
98320181
98320202
98320403
98320411
98320413
98320538
98320708
98320749
98320753
98320757
98320806
98320808
98320809
98320944
98320949
98321020
98321022
98321052
98321060
98321076
98321077
98321081
98321082
98321096
98321129
98321245
98321333
98321393
98321453
98321470
98321485
98321506
98321512
98321516
98321778
98321793
98321827
98321854
98321876
98322095
98322111
98322346
98322381
98322459
98322537
98322754
98322926
98322945
98322984
98323162
98323165
98323395
98323479
98323497
98323521
98323531
98323551
98325194
98325291
98325303
98325304
98325306
98325307
98325310
98325429
98325514
98325793
98325796
98325810
98325812
98325827
98326217
98326220
98326229
98326319
98326372
98326383
98326406
98327034
98327058
98327206
98327209
98327588
98327604
98327813
98327890
98327949
98327951
98327955
98327965
98327997
98328662
98328663
98328664
98328665
98328667
98328685
98328719
98328748
98328753
98328777
98329054
98329096
98329108
98330631
98331017
98331340
98331341
98331348
98331417
98331450
98331749
98331752
98331757
98331759
98331760
98332132
98332184
98332240
98332244
98332401
98332715
98333126
98333555
98333567
98333568
98333600
98333609
98333618
98333642
98334339
98334368
98335763
98335765
98335775
98335832
98335833
98335836
98335837
98335840
98335841
98335842
98335843
98335844
98335846
98335849
98335851
98335855
98335859
98335860
98335861
98335862
98335863
98335865
98335867
98335869
98335874
98336001
98336021
98336205
98336207
98336209
98336755
98336762
98336912
98336921
98336951
98336955
98336957
98336958
98336960
98336963
98336964
98336966
98336968
98336969
98336970
98336974
98336975
98336976
98337007
98337014
98337015
98337020
98337059
98337064
98337117
98337551
98337558
98337562
98337564
98337573
98337576
98337577
98337578
98337582
98337586
98337592
98337704
98337945
98337980
98338037
98338047
98338056
98338061
98338062
98338066
98338067
98338068
98338069
98338102
98338104
98338137
98338138
98338141
98338145
98338251
98338298
98338337
98338426
98339158
98339161
98339168
98339169
98339171
98339173
98339175
98339178
98339184
98339185
98339191
98339193
98339197
98339210
98339220
98339324
98339326
98339398
98339399
98339807
98339813
98339814
98339819
98339825
98339826
98339827
98339834
98339835
98339839
98339843
98339844
98339845
98339847
98339963
98339965
98339971
98339972
98339981
98339996
98341601
98341615
98341616
98341624
98341627
98341628
98341642
98341721
98341932
98341941
985381017
98765432
987662821
99
990010347
990010929
990010968
990010976
990011168
990011448
990011668
990015026
990016219
990016302
990016511
990016529
990016821
990016830
990016900
990016901
990016956
990019212
991272204
991272205
9917058
996276120
998
998502634
998504507
998525263
9988081
998833209
999000100
99919
999802369
99999665
999996666