100601120
100700106
100700144
100700154
100700216
100700597
100701339
100701620
100702538
100702670
100703012
100712130
101000002
10421670
110300593
110700964
110701056
110703143
110706492
110765546
110767890
111002101
111202707
120872088
123111111
123450020
126020135
150200373
150201047
160000149
168162803
190700658
190700702
190701081
190701084
190701091
190701095
191283710
201200318
201204022
203235000
204206750
204206760
204209840
204209890
204211000
204212000
204225000
204226000
204228000
204229000
204232000
204233000
204243000
204260000
204264000
204284000
204807000
204810000
204811000
204814000
204820000
204835000
204838000
204856000
204862000
205059000
205101000
205106000
205149000
205153000
205155000
205161000
205162000
205169000
205170000
205191000
205192000
205197000
205227000
205236000
205237000
205239000
205240000
205241000
205243000
205246000
205261000
205262000
205275000
205277000
205278000
205282000
205284000
205285000
205291000
205296000
205303000
205306000
205311000
205316000
205321000
205322000
205325000
205327000
205333000
205345000
205482090
207420000
207422000
211101000
211104000
211105000
211106000
211152000
211156000
211159000
211161000
211175900
211176000
211182000
211191330
211207270
211214200
211214990
211215500
211216410
211227260
211227510
211232850
211234500
211238930
211241240
211243240
211245680
211267780
211270480
211271330
211272400
211272580
211279120
211282560
211287590
211288860
211292280
211298640
211307520
211307720
211312240
211313600
211314320
211314450
211314800
211314890
211314990
211315540
211315620
211315630
211315750
211315870
211317290
211317720
211318580
211319400
211319670
211320460
211325290
211332630
211332750
211337920
211339220
211339490
211342400
211344000
211363300
211365280
211373830
211386440
211390480
211400000
211410690
211417590
211430000
211438440
211452000
211474000
211477000
211492000
211495000
211501000
211507000
211510290
211516260
211517810
211518140
211519000
211520710
211526000
211527000
211535000
211544000
211545000
211551000
211555000
211586000
211587000
211608000
211625000
211626000
211640000
211648000
211671000
211800000
211815000
211824000
215000460
215000910
218066000
218125000
218162000
218264000
218299000
218325000
218359000
218363000
218367000
218442000
218773000
219000769
219000895
219000897
219000907
219001125
219001149
219001201
219001204
219001343
219001518
219001522
219001549
219001555
219001569
219001578
219001587
219001592
219001604
219001664
219001673
219001682
219001684
219001842
219001917
219001954
219001976
219002023
219002047
219002051
219002251
219002368
219002409
219002415
219002504
219002661
219002682
219002701
219002726
219002757
219002811
219002827
219002838
219002881
219002955
219002956
219003103
219003138
219003704
219004128
219004161
219004242
219004275
219004307
219004472
219004473
219004596
219004633
219005216
219005496
219005502
219005513
219005583
219005616
219005647
219005659
219005662
219005671
219005719
219005786
219005832
219005837
219005867
219005878
219005901
219005902
219005906
219005909
219005919
219005921
219005935
219005937
219005941
219005954
219005968
219005999
219006005
219006011
219006092
219006111
219006115
219006142
219006157
219006301
219006442
219006508
219006552
219006655
219006824
219006835
219006916
219006918
219006971
219007027
219007034
219007036
219007235
219007313
219007432
219007459
219007479
219007511
219007551
219007577
219007589
219007596
219007613
219007641
219007763
219007862
219007925
219007944
219008145
219008396
219008474
219008927
219009135
219009171
219009274
219009334
219009389
219009415
219009599
219009738
219009799
219009907
219009961
219010487
219010793
219010989
219011018
219011032
219011179
219011274
219011321
219011325
219011336
219011766
219012276
219012302
219012459
219012671
219012897
219013001
219013005
219013106
219013178
219013192
219013485
219013538
219013539
219013885
219013966
219014049
219014161
219014192
219014276
219014851
219015103
219015362
219015502
219015534
219016004
219016764
219016971
219022000
219024000
219060000
219063000
219065000
219106000
219108000
219121000
219125000
219138000
219139000
219168000
219176000
219188000
219218000
219220000
219237000
219240000
219257000
219271000
219294000
219328000
219330000
219340000
219343000
219386000
219413000
219418000
219421000
219424000
219429000
219439000
219441000
219443000
219446000
219467000
219481000
219503000
219507000
219536000
219553000
219567000
219595000
219597000
219633000
219650000
219651000
219661000
219689000
219697000
219709000
219740000
219743000
219751000
219754000
219762000
219765000
219769000
219787000
219793000
219796000
219799000
219801000
219837000
219838000
219853000
219859000
219867000
219868000
219871000
219872000
219904000
219921000
219922000
219924000
219936000
219941000
219944000
219946000
219948000
219956000
219959000
220004000
220006000
220012000
220024000
220032000
220042000
220043000
220046000
220051000
220063000
220064000
220067000
220071000
220072000
220073000
220075000
220076000
220081000
220088000
220099000
220109000
220118000
220127000
220128000
220135000
220137000
220138000
220142000
220151000
220166000
220182000
220202000
220204000
220205000
220213000
220241000
220242000
220247000
220249000
220256000
220257000
220278000
220279000
220283000
220295000
220303000
220304000
220307000
220315000
220317000
220321000
220323000
220329000
220333000
220334000
220336000
220338000
220339000
220343000
220345000
220349000
220351000
220352000
220353000
220356000
220358000
220359000
220362000
220375000
220383000
220398000
220453000
220461000
220482000
220507000
220544000
220616000
220622000
220623000
220628000
224000020
224000220
224001000
224002820
224004000
224004680
224004720
224004750
224004770
224004800
224004810
224004870
224004930
224004950
224005190
224005540
224005590
224005790
224005810
224005870
224006570
224008890
224009240
224009250
224010000
224010590
224010730
224011260
224011290
224011550
224011990
224012280
224012660
224012690
224012870
224013090
224013220
224013710
224016000
224016230
224016530
224016930
224017000
224017460
224018260
224018440
224018460
224019440
224019620
224019630
224020000
224020170
224020340
224020680
224020890
224020980
224021460
224021580
224022170
224022910
224024000
224024480
224025270
224026860
224027520
224028250
224029760
224029830
224030940
224033000
224033360
224033380
224038000
224040000
224040260
224041000
224041240
224041980
224042440
224043560
224044230
224044240
224045480
224045930
224046190
224046570
224047360
224047430
224047990
224048150
224048290
224049140
224049160
224049460
224049530
224049580
224049630
224049650
224049860
224049960
224050000
224050530
224050560
224050570
224050850
224050990
224051140
224051160
224051180
224051350
224051560
224051590
224051650
224051950
224052000
224052340
224052350
224052360
224052370
224052380
224052460
224052970
224055240
224055660
224055860
224056130
224056170
224056190
224057830
224058150
224059860
224060680
224061430
224062390
224063680
224063940
224064850
224065000
224065290
224067000
224067130
224067670
224067690
224067930
224068000
224068470
224068650
224068830
224068980
224069130
224069840
224069850
224069960
224070000
224070850
224071000
224071740
224073390
224073460
224073580
224073630
224073650
224074180
224074650
224074890
224075000
224075180
224075190
224076000
224076190
224076590
224076630
224079000
224079440
224079580
224080370
224081130
224081150
224081180
224081430
224081840
224082460
224082780
224083570
224083590
224084640
224085250
224085260
224086130
224086550
224086780
224086790
224087530
224087790
224088740
224089000
224089290
224091680
224092730
224093330
224093750
224094500
224094520
224095140
224096770
224096840
224096870
224097970
224098250
224098420
224098790
224098930
224099320
224099440
224099450
224099470
224099940
224100180
224100530
224100920
224101860
224101940
224101950
224102000
224103220
224103750
224103760
224103970
224104450
224104820
224104960
224105000
224105580
224105920
224106130
224106260
224106940
224110000
224111190
224111750
224113260
224113270
224113690
224114650
224114750
224115880
224116380
224117000
224120000
224120840
224121650
224123720
224123730
224125140
224126980
224128930
224130000
224130870
224131530
224132000
224132420
224132570
224132580
224132670
224133790
224134120
224134520
224134550
224134990
224135000
224136380
224136470
224136880
224136920
224137550
224137770
224137880
224137950
224138280
224138950
224139000
224139180
224140000
224141970
224141980
224142000
224142870
224147180
224147740
224152340
224153130
224154000
224156000
224156290
224157780
224157840
224160000
224160250
224162930
224164540
224166160
224167520
224168000
224168820
224169000
224170000
224171360
224173000
224174120
224175430
224175960
224176380
224176390
224178000
224181120
224181230
224181290
224184270
224185000
224185240
224185250
224186000
224187770
224188000
224189000
224192170
224192250
224194470
224196160
224197150
224197230
224201150
224204490
224204520
224205420
224208650
224209000
224210180
224216220
224218930
224221940
224222430
224225320
224227000
224229000
224233000
224235980
224241000
224246000
224250000
224252000
224253000
224254000
224256000
224259000
224259220
224261000
224264980
224265000
224267000
224268000
224270000
224271000
224273000
224276000
224278460
224280000
224286000
224288000
224290000
224291000
224292000
224294000
224295000
224298000
224299000
224302000
224303000
224306000
224307000
224308000
224313000
224313390
224313420
224315000
224318000
224324000
224329000
224331000
224335000
224337890
224342000
224354000
224355000
224361000
224366000
224369000
224371000
224372000
224377000
224378450
224380000
224384000
224392000
224396000
224405000
224407000
224411380
224421000
224430000
224438000
224452000
224456000
224459000
224460000
224463000
224464000
224467000
224472000
224488000
224491000
224492000
224501000
224506000
224526000
224528000
224544160
224545000
224547000
224556000
224558000
224559000
224567000
224571000
224577000
224578000
224580000
224581000
224594000
224597000
224609000
224618000
224619000
224623000
224626000
224651000
224658000
224680000
224687000
224690000
224696000
224701000
224706000
224712000
224716000
224724000
224727000
224732000
224733000
224745000
224752000
224754000
224775000
224780000
224793000
224816000
224820000
224841000
224871000
224875000
224888000
224892000
224896000
224897000
224901000
224905000
224906170
224906180
224913000
224917000
224918000
224926000
224929000
224938000
224959540
224967000
225318000
225319000
225325000
225341000
225353000
225360000
225361000
225374000
225378000
225382000
225384000
225436000
225904730
225917890
226004000
226006690
226010000
226045000
226084000
226095000
226105000
226147000
226150000
226156000
226158000
226178000
226179000
226180000
226183000
226216000
226220000
226230000
226240000
226246000
226247000
226254000
226255000
226267000
227102900
227104400
227104700
227106100
227106400
227106700
227107100
227108400
227109600
227109700
227109900
227110400
227110600
227113500
227114300
227116100
227117600
227118600
227118700
227118800
227118900
227119200
227120400
227120500
227120900
227123700
227124600
227128800
227136700
227137400
227137600
227138700
227138800
227139900
227141600
227141900
227142100
227142300
227142900
227143100
227143500
227143600
227143700
227143900
227144300
227144400
227144600
227144900
227145200
227145300
227145600
227145800
227145900
227146300
227146400
227146600
227146700
227300000
227301110
227301390
227302000
227303000
227304010
227307000
227308000
227309000
227310000
227310150
227311000
227311010
227312000
227312050
227312140
227312180
227313000
227314000
227314040
227314170
227314180
227315560
227315850
227315980
227316160
227316290
227317000
227317040
227317120
227317410
227317550
227317720
227317810
227317860
227317960
227317970
227317980
227318120
227318380
227318490
227318540
227318610
227318640
227318690
227318940
227319580
227319840
227320020
227320290
227320540
227320710
227320750
227321170
227321890
227322230
227322270
227322420
227323170
227324000
227327000
227336000
227337000
227338000
227344000
227346000
227347000
227353000
227354000
227355000
227358000
227360000
227372000
227377000
227378000
227380000
227381000
227383000
227385000
227389000
227391000
227393000
227395000
227401000
227409000
227410000
227411000
227412000
227413000
227414000
227415000
227418000
227419000
227420000
227423000
227424000
227425000
227426000
227430000
227436000
227438000
227439000
227442000
227443000
227468000
227469000
227472000
227474000
227479000
227480000
227481000
227483000
227485000
227486000
227489000
227500000
227504000
227512000
227513000
227519000
227520000
227531000
227532000
227533000
227536000
227538000
227549000
227550000
227553000
227554000
227556000
227559000
227561000
227561540
227563000
227570000
227573000
227573130
227574000
227575000
227577000
227579000
227580250
227584000
227588000
227588520
227589000
227590000
227592000
227593000
227595000
227604870
227714430
227729980
227783530
227802000
227806000
227808000
227811000
227812000
227814000
227817000
227820000
227822000
227823000
227831000
227833000
227834000
227835000
227846000
227853000
227855000
227857000
227860000
227867000
227868000
227872000
227873000
227875000
227876000
227878000
227879000
227880000
227883000
227893000
227894000
227897000
227901000
227903000
227909000
227913000
227914000
227915000
227922000
227926000
227930000
227931000
227940000
227941000
227943000
227945000
227957000
227967000
227977000
227980000
227981000
227984000
227987000
227988000
227989000
228003600
228004600
228004700
228005600
228015700
228018700
228019600
228021600
228021800
228028900
228031700
228040000
228101000
228106800
228107000
228107800
228108900
228109000
228110800
228111000
228111700
228112700
228113000
228114000
228115000
228117000
228120000
228124000
228127000
228128000
228130000
228131000
228131600
228133000
228134700
228134800
228135000
228137900
228138000
228141800
228146600
228149700
228154900
228155000
228156900
228157800
228158600
228160600
228165600
228165700
228167000
228168000
228168600
228168900
228169000
228171600
228172000
228172900
228173800
228174600
228176700
228178900
228184000
228187700
228189000
228189600
228190600
228190900
228192700
228192800
228195800
228197000
228198600
228205800
228206600
228207000
228208700
228208800
228211700
228212700
228213000
228215700
228216000
228218000
228218800
228221000
228221900
228222900
228223000
228224000
228224800
228227700
228228800
228229000
228230900
228231600
228231800
228235000
228236600
228236700
228236800
228238700
228238900
228239000
228239900
228240600
228240700
228240800
228240900
228242700
228242800
228247000
228248700
228253900
228254000
228258000
228260000
228263000
228264000
228264600
228267900
228280000
228288000
228293900
228297900
228301000
228301600
228301700
228301900
228302900
228312000
228315000
228316000
228323000
228324000
228325000
228326000
228332000
228336000
228337000
228337800
228338900
228349700
228356600
228364000
228367000
228369000
228370000
228374000
228376000
228378000
228380000
228385000
228387000
228390000
228393000
228394000
228806000
228810000
228815000
228819000
228827000
228834000
228840000
228842000
228843000
228850000
228854000
228857000
228858000
228874000
228880000
228888000
228904000
228909000
228917000
228925000
228926000
228929000
228931000
228935000
228949000
228950000
228951000
228954000
228958000
228967000
228974000
228975000
230001770
230002550
230012000
230025680
230034210
230035100
230036690
230038640
230627000
230941050
230941650
230941710
230942350
230983690
230987140
230987350
230987510
230990000
230993160
230995870
230996190
230996360
231014000
231036000
231037000
231038000
231042000
231045000
231046000
231047000
231051000
231073000
231078000
231081000
231091000
231101000
231106000
231107000
231110000
231112000
231115000
231129000
231133000
231134000
231140000
231145000
231149000
231150000
231154000
231156000
231159000
231160000
231166000
231167000
231176000
231180000
231181000
231189000
231190000
231216000
231265000
231266000
231268000
231306000
231307000
231321000
231343000
231364000
231440000
231605000
231730000
231751000
231833000
231835000
232003258
232004190
232004360
232004618
232004700
232004846
232005120
232005460
232005610
232005630
232005670
232005775
232005800
232005840
232005890
232006030
232006050
232006060
232006130
232006270
232006310
232006380
232006500
232006590
232006620
232006810
232006820
232006830
232006840
232007030
232007140
232007300
232007650
232007860
232008020
232148000
232326000
232352000
232503000
232555000
232627000
232806000
233282000
233294000
233308000
233345000
233397000
233450000
233651000
233659000
233714000
233717000
233815000
233860000
233973000
233975000
234002000
234013000
234023000
234052000
234093000
234122000
234167000
234203000
234209000
234340000
234341000
234406000
234511111
234690000
234705000
234806000
234896000
234904000
234908000
234921000
234937000
234999260
235000270
235000340
235000407
235000480
235000489
235000676
235000743
235000760
235000820
235000897
235000900
235000910
235000952
235001029
235001050
235001239
235001320
235001428
235001525
235001650
235001770
235001841
235002490
235002500
235002718
235003080
235003330
235003355
235003424
235003460
235004110
235004230
235004390
235004690
235004750
235004900
235005100
235005130
235005319
235005820
235005980
235006150
235006280
235006500
235006830
235006880
235007080
235007170
235007420
235007570
235007600
235007860
235007912
235007960
235008329
235008380
235008690
235008741
235010670
235010940
235011170
235011340
235012112
235013021
235013325
235013957
235014511
235014666
235014687
235015841
235017834
235018597
235019133
235021707
235025319
235028768
235032001
235033145
235033396
235039435
235040121
235051022
235051671
235054161
235054804
235058829
235059379
235059791
235060277
235060281
235063095
235063397
235064621
235065442
235065495
235066405
235067469
235068242
235068406
235068506
235072137
235073457
235074776
235076636
235076743
235077000
235077317
235077608
235078256
235078558
235080461
235081732
235082365
235083426
235087406
235088014
235089129
235089665
235089955
235090189
235093015
235093158
235096106
235118000
235215000
235398000
235627000
235672000
235673000
235674000
235746000
235826000
237004000
237029000
237046000
237127000
237131000
237144000
237149000
237151000
237155000
237171000
237175000
237190000
237206000
237208000
237216000
237221000
237222000
237286000
237294000
237334000
237343000
237370000
237390000
237396000
237399000
237418000
237430000
237438000
237441000
237456000
237464000
237468000
237475000
237478000
237482000
237487000
237506000
237509000
237516000
237517000
237526000
237534000
237535000
237536000
237538000
237613000
237618000
237654000
237659000
237662000
237697000
237698000
237699000
237801000
237802000
237805000
237876000
237889000
237911000
237919000
237930000
237958000
238769140
238771340
238778540
238880340
239130000
239383000
239683000
239686000
239750000
239845000
240019000
240096000
240099000
240112000
240120000
240137000
240150000
240153000
240229000
240238000
240242000
240280000
240324000
240338000
240426000
240429000
240430000
241045000
241063000
241065000
241091000
241110000
242045000
242135100
24254001
242889000
242925000
242926000
242963000
242974000
244010067
244012000
244013000
244030722
244030922
244031000
244032000
244035000
244038000
244042000
244043520
244049000
244050849
244053000
244060000
244060176
244070927
244075000
244077000
244078096
244090000
244090965
244100331
244102000
244108000
244152000
244157000
244165000
244179000
244185000
244188000
244205000
244211000
244212000
244221000
244225000
244228000
244245000
244250000
244256000
244260000
244286000
244299000
244305000
244307000
244309000
244323000
244328000
244345000
244355000
244358000
244377000
244381000
244399000
244407000
244426000
244427000
244446000
244453000
244467000
244470000
244540000
244563000
244567000
244572000
244577000
244583000
244592000
244605000
244620000
244633000
244637000
244644000
244646000
244650000
244650652
244650685
244650714
244658000
244659000
244660709
244668000
244669000
244670362
244672000
244684000
244686000
244690305
244710192
244710336
244710983
244718000
244721000
244730084
244730183
244731000
244740354
244740629
244740834
244740935
244742000
244750011
244750140
244750339
244750560
244750739
244759000
244763000
244770002
244770007
244770191
244770262
244770343
244775000
244779000
244780165
244780677
244780712
244786000
244798000
244801000
244806000
244809000
244810000
244815000
244818000
244854000
244869000
244873000
244877000
244929000
244932000
244938000
244959000
244965000
244987000
245019000
245071000
245074000
245084000
245100000
245106000
245146000
245148000
245158000
245159000
245161000
245167000
245201000
245202000
245224000
245234000
245247000
245252000
245253000
245256000
245262000
245263000
245264000
245265000
245269000
245273000
245276000
245282000
245293000
245305000
245308000
245310000
245316000
245325000
245328000
245331000
245333000
245336000
245341000
245352000
245364000
245369000
245370000
245378000
245390000
245436000
245441000
245442000
245445000
245454000
245456000
245470000
245473000
245476000
245498000
245502000
245527000
245530000
245553000
245562000
245564000
245567000
245571000
245572000
245575000
245598000
245612000
245617000
245647000
245655000
245663000
245665000
245667000
245703000
245710000
245722000
245731000
245737000
245738000
245744000
245748000
245753000
245771000
245794000
245795000
245811000
245813000
245836000
245841000
245856000
245899000
245914000
245922000
245928000
245946000
245991000
246005000
246009000
246014000
246015000
246021000
246027000
246032000
246033000
246054000
246057000
246065000
246068000
246075000
246092000
246101000
246107000
246112000
246135000
246136000
246145000
246155000
246176000
246183000
246184000
246189000
246202000
246204000
246214000
246222000
246225000
246226000
246228000
246233000
246238000
246250000
246256000
246269000
246273000
246274000
246296000
246314000
246327000
246338000
246339000
246364000
246378000
246426000
246427000
246429000
246431000
246437000
246439000
246459000
246464000
246485000
246489000
246492000
246503000
246511000
246516000
246557000
246570000
246742000
246749000
246784000
246790000
246833000
247000640
247042200
247049260
247050170
247050560
247050790
247051410
247051550
247051830
247051860
247051920
247051980
247052930
247053120
247053420
247053620
247054210
247054740
247054750
247058200
247061610
247064760
247065610
247066180
247067610
247070670
247070850
247070970
247071030
247071050
247071060
247071930
247075010
247076620
247080480
247081060
247081650
247081690
247081740
247081860
247081890
247081930
247081940
247082290
247082320
247082520
247082560
247082580
247083070
247083210
247083320
247083380
247083410
247083420
247083440
247083480
247083530
247083540
247083550
247083560
247083630
247083860
247083890
247083940
247084310
247084320
247084520
247084610
247085830
247086570
247088050
247096450
247100040
247100110
247100470
247100490
247100510
247100520
247100630
247100640
247101120
247101170
247101330
247101550
247102240
247102330
247103690
247104060
247110060
247113290
247120390
247120430
247120450
247120470
247120480
247120490
247120560
247120950
247121010
247121020
247121090
247121120
247121240
247121250
247121260
247121370
247121440
247121730
247121850
247122020
247122090
247122110
247122140
247122150
247122220
247125380
247130320
247131080
247131580
247131800
247139500
247141200
247141730
247142450
247142580
247142720
247142730
247142770
247142790
247142820
247142830
247142860
247142880
247142920
247142940
247143370
247143430
247143580
247143620
247143660
247143860
247144110
247144150
247144230
247144240
247144260
247144390
247144430
247144650
247144760
247144880
247144910
247145010
247145020
247145030
247145060
247145250
247145370
247145510
247145660
247145720
247145910
247146010
247146020
247146040
247146120
247146130
247146140
247146270
247146420
247146440
247146450
247146590
247146640
247146760
247146830
247146890
247146910
247146950
247146970
247147010
247147160
247147180
247147190
247147230
247147280
247147290
247147310
247147320
247147370
247147380
247147390
247147510
247148120
247148150
247148210
247148220
247148880
247149010
247149810
247149980
247150040
247151010
247151150
247151160
247151280
247151690
247151920
247151930
247151940
247151950
247151980
247151990
247152010
247152020
247152080
247152250
247156780
247158700
247185500
247228800
247252970
247253540
247280590
247280940
247300110
247300220
247300290
247300340
247301700
247302190
247302670
247304930
247305540
247308090
247308420
248000810
248040000
249000090
249000102
249328000
250000054
250000092
250000096
250000097
250000135
250000141
250000165
250000199
250000213
250000264
250000283
250000309
250000329
250000387
250000399
250000433
250000465
250000466
250000507
250000511
250000527
250000546
250000557
250000565
250000594
250000626
250000633
250000699
250000764
250000854
250000864
250000868
250000884
250000887
250000897
250000917
250000956
250000957
250000958
250000967
250001048
250001093
250001121
250001143
250001151
250001166
250001205
250001269
250001333
250001339
250001421
250001491
250001656
250001702
250001718
250001767
250001769
250001885
250001954
250001999
250002023
250002036
250002264
250002378
250002424
250002427
250002435
250002464
250002465
250002504
250002513
250002574
250002664
250002704
250036000
250090000
250101700
250101800
250101900
250102600
250102660
250102700
250102800
250102900
250103600
250103700
250103800
250104600
250104640
250104700
250104900
250105600
250105700
250105800
250106400
250106580
250106800
250107700
250108470
250115460
250116400
250116470
250117400
250118400
250122460
250126460
250136400
250137450
250142400
250165000
250177000
250184000
250186000
250190000
250196000
250240000
250261000
250262000
250264000
250267000
250269000
250292000
250310000
250350000
250365000
250369000
250370000
250428000
250429000
250438000
250440000
250444000
250470000
250477000
250484000
250486000
250493000
250494000
250495000
250512000
250513000
251011000
251013000
251014000
251015000
251018000
251019110
251021110
251025110
251026000
251027110
251029000
251030110
251032110
251035000
251036110
251037110
251038000
251039110
251040000
251043110
251044110
251045000
251046110
251047110
251048110
251050110
251053110
251055000
251056110
251057000
251062110
251065110
251066110
251068110
251069110
251070110
251079000
251080110
251081110
251082000
251083110
251086000
251092000
251097000
251102000
251121110
251123000
251125000
251129000
251135110
251136110
251138740
251140110
251141110
251143110
251145110
251149110
251151000
251152110
251153000
251155000
251156000
251159110
251160110
251163110
251164000
251166110
251167110
251175000
251177110
251178110
251179000
251180110
251182110
251184640
251184840
251185440
251186110
251194110
251196000
251197110
251203000
251211110
251212110
251215110
251216110
251218240
251219110
251220110
251224110
251226000
251227000
251228000
251230110
251233110
251236000
251240110
251242110
251244110
251249110
251250110
251251110
251253110
251254000
251255110
251257110
251259110
251265110
251266110
251267110
251269000
251276110
251278110
251280110
251283110
251284110
251286110
251287110
251290110
251294110
251298110
251301110
251307110
251309000
251310110
251314110
251318000
251319110
251321110
251323110
251324110
251326240
251330110
251331110
251335110
251338110
251339110
251341110
251344000
251347110
251350110
251360110
251361110
251364110
251367110
251368110
251370110
251373110
251376110
251386110
251391000
251392000
251394000
251401000
251405110
251408110
251412440
251419110
251422110
251423000
251425110
251427000
251429110
251433000
251438110
251439000
251447110
251451000
251452000
251453000
251458000
251463000
251464000
251467110
251468000
251480110
251482000
251486110
251495110
251504110
251519000
251520640
251529000
251530000
251532000
251533110
251533240
251536000
251537110
251538110
251538540
251539110
251540110
251544000
251546000
251552340
251556110
251557240
251558110
251563110
251587110
251591110
251595110
251596110
251598110
251600110
251602110
251603110
251734110
251744110
251745000
251755110
251757110
251760110
251761110
251772110
251779110
251782110
251783110
251784110
251786110
251789110
251793240
251801110
251802110
251803110
251804110
251809110
251836240
251836340
251841270
251842670
251844440
255402650
255500118
255501000
256000552
256384000
257000210
257000910
257002830
257003200
257004040
257004210
257004640
257004910
257006900
257009000
257009040
257011720
257011740
257012540
257012900
257015440
257017240
257017440
257018000
257018040
257022340
257023540
257024600
257024900
257025440
257026440
257034440
257034640
257034840
257034940
257035940
257038940
257044320
257044840
257045240
257046940
257053240
257056040
257056600
257057440
257058040
257058340
257059340
257066540
257067040
257068740
257069540
257071340
257071440
257071540
257074640
257076240
257076840
257077240
257079000
257084040
257084940
257086940
257087040
257089000
257089640
257089740
257090340
257092640
257095540
257095640
257096140
257098140
257099140
257099900
257100520
257100540
257101030
257101640
257101900
257102940
257103140
257103840
257104240
257107740
257110120
257110720
257110940
257113640
257115500
257116000
257116740
257117700
257118500
257119340
257119940
257120500
257122920
257124520
257125600
257125720
257125820
257128000
257128920
257129520
257131800
257135220
257135500
257137420
257139040
257139120
257140240
257142920
257143720
257143740
257145220
257147900
257147920
257149000
257149420
257150140
257150720
257152520
257152940
257153220
257153500
257154220
257155000
257155740
257156320
257157240
257158920
257160020
257160120
257160320
257160600
257162720
257163320
257163500
257164340
257164640
257164700
257165320
257165340
257166000
257166400
257167320
257168240
257169320
257170340
257172740
257175040
257175620
257179640
257180000
257180700
257181020
257182440
257183500
257184340
257185420
257186040
257189020
257190540
257190720
257191000
257191020
257193220
257193500
257195620
257196240
257198000
257198340
257200220
257200640
257202940
257212500
257214000
257214520
257215000
257215140
257219020
257222620
257225000
257225020
257229000
257233520
257234000
257235600
257237800
257247000
257250000
257253620
257254920
257258000
257260020
257263000
257264000
257269420
257282700
257284600
257285000
257298820
257301040
257302140
257302620
257302720
257303000
257303040
257303240
257304820
257308740
257309020
257311140
257311940
257312540
257313240
257325720
257333420
257341220
257345120
257345520
257349820
257357120
257384000
257384020
257394000
257396000
257396920
257409500
257415920
257416000
257416420
257421500
257422420
257423000
257427920
257429720
257432500
257435500
257436500
257436720
257441500
257445000
257445500
257446500
257453500
257454000
257454420
257456500
257458720
257459500
257459520
257462500
257463500
257475120
257476500
257483220
257483500
257485600
257488500
257488600
257489500
257496020
257498420
257501500
257507500
257508600
257511600
257522600
257529000
257529600
257530500
257531600
257537000
257538600
257541600
257541790
257543500
257548600
257549600
257552600
257554600
257555500
257558500
257559600
257560600
257563500
257563600
257564600
257565600
257566600
257567500
257567600
257570500
257571600
257572500
257574600
257576500
257576600
257577500
257578600
257579600
257580500
257580600
257582600
257583600
257584600
257586600
257587500
257589500
257589600
257591600
257592500
257593600
257594600
257599500
257599600
257605500
257606600
257607500
257608500
257611509
257613500
257618500
257629500
257647500
257649500
257651500
257654500
257660500
257671500
257679500
257701500
257705500
257714500
257732500
257737500
257739500
257741500
257750500
257754500
257757500
257770500
257779500
257801500
257802500
257809500
257809580
257814610
257823500
257834500
257842500
257854500
257855500
257860500
257863500
257865500
257866500
257871500
257882500
257885500
257888000
257888500
257895500
257898500
257910500
257913000
257923140
257939500
257946000
257952500
257953500
257963000
257978500
257986500
257999209
258015500
258030000
258035000
258036000
258052000
258057000
258067000
258071000
258078000
258081000
258084000
258095000
258098000
258099000
258120000
258121000
258138000
258139000
258154000
258158000
258183000
258185000
258186000
258194000
258216000
258217000
258224000
258228000
258261000
258262000
258265000
258284000
258290000
258303000
258306000
258307000
258308000
258314000
258317500
258319000
258324000
258330000
258334000
258348000
258351000
258353000
258354000
258358000
258368000
258371000
258376000
258380500
258382000
258397000
258410000
258412000
258449000
258462000
258470000
258483000
258497000
258498000
258503000
258515000
258516910
258518000
258519510
25852310
258526000
258535000
258541000
258542000
258545000
258547000
258553000
258559000
258563000
258568010
258569000
258590000
258596000
259023000
259102000
259103000
259106000
259107000
259109000
259111000
259113000
259115000
259118000
259122000
259127000
259130000
259131000
259132000
259136720
259154000
259158000
259178000
259180000
259195000
259200090
259207000
259208000
259211000
259217000
259225000
259241000
259244000
259245000
259256000
259258000
259263000
259268000
259269000
259272000
259281000
259282000
259284000
259285000
259290000
259293820
259308000
259309000
259311000
259324000
259335000
259340000
259352000
259365000
259374000
259375000
259378000
259380000
259383000
259390000
259391000
259407000
259421000
259428000
259430000
259432000
259434000
259438000
259441000
259447000
259449000
259450000
259454000
259457000
259461000
259465000
259467000
259470000
259474000
259475000
259478000
259485000
259489000
259501000
259508000
259511000
259516000
259521000
259525000
259526000
259536000
259537000
259539000
259554000
259562000
259563000
259565000
259566000
259574000
259576000
259586000
259595000
259597000
259607000
259608000
259609000
259612000
259616000
259617000
259619000
259620000
259623000
259624000
259627000
259635000
259637000
259640000
259641000
259647000
259648000
259651000
259655000
259656000
259657000
259659000
259660000
259661000
259666000
259675000
259682000
259683000
259689000
259691000
259697000
259707000
259713000
259822000
259845000
259855000
259893000
259937000
259963000
259995000
261000630
261000660
261001200
261001620
261001660
261001880
261002160
261002370
261002420
261002530
261003060
261003090
261003220
261003230
261003310
261003530
261003620
261003640
261003710
261003910
261003970
261004050
261004060
261004340
261004380
261004430
261004780
261004830
261004850
261004860
261004870
261005270
261005510
261006090
261006110
261006770
261006780
261006860
261006910
261007120
261007210
261007820
261007860
261007950
261008070
261008900
261009030
261009080
261010250
261010820
261011090
261011540
261012880
261014160
261014220
261015270
261018980
261020840
26103770
261061000
261383000
261469000
261488000
261497000
263202000
263234000
263235000
263236000
263271000
263274000
263401760
263401880
263402350
263402890
263405240
263406570
263406940
263407280
263407470
263407550
263407860
263408000
263408340
263408380
263408470
263408670
263409950
263410880
263410940
263412960
263413870
263414640
263414760
263415290
263418780
263427000
263427750
263432000
263434000
263439000
263442000
263446000
263447000
263450000
263457000
263470000
263474000
263477000
263482000
263500286
263501000
263503000
263507000
263509000
263516000
263517000
263528000
263531000
263533000
263540000
263551000
263555000
263564000
263565000
263569000
263570000
263574000
263576000
263577600
263578000
263582000
263584000
263821000
263822000
265349000
265457000
265462000
265465000
265483000
265485000
265502370
265536200
265585780
265588050
265588470
265606270
265606310
265608620
265612240
265612260
265629560
265630900
265639120
265645310
265648570
265660180
265666680
265670930
265671520
265676610
265678430
265678750
265681420
265687960
265691740
265692440
265695220
265705000
265708000
265716000
265722000
265746000
265751000
265754000
265756000
265759000
265765000
265766000
265768000
265769000
265770000
265779000
265781000
265785000
265786000
265787000
265791000
265803000
265804000
265816000
265817000
265824000
265858000
266011000
266046000
266048000
266052000
266053000
266057000
266059000
266062000
266065000
266066000
266069000
266076000
266077000
266081000
266082000
266088000
266099000
266101000
266112000
266137000
266139000
266147000
266148000
266150000
266154000
266160000
266161000
266163000
266164000
266169000
266170000
266173000
266174000
266180000
266186000
266199000
266205000
266208000
266245000
266246000
266251000
266254000
266274000
266305000
266322000
266326000
266332000
266346000
266347000
266348000
266352000
266353000
266360000
266371000
266384000
266388000
266408000
266410000
266666000
271002463
271008508
271056028
271056035
271056036
271056056
271056072
271062000
271062045
271062046
271062055
271062073
271062080
271062099
271062105
271062106
271062111
271062131
271069042
271072094
271072107
271072201
271072204
271072279
271072294
271072325
271072328
271072378
271072420
271072427
271072436
271072444
271072504
271072538
271072560
271072711
271072970
271073853
271628000
272007500
272178000
272179000
272204000
272208000
272323000
272329000
272364000
272384000
272440000
272645000
272691000
273210800
273211700
273211800
273211900
273212000
273212100
273212110
273212500
273212600
273213010
273213100
273213300
273213500
273214110
273215500
273216110
273216200
273217000
273217010
273217700
273218500
273219100
273240030
273240600
273240700
273240900
273241100
273242000
273242100
273246800
273248500
273249600
273258100
273259100
273290400
273290500
273290700
273291500
273292400
273292700
273293500
273294100
273294400
273295700
273296500
273296700
273297100
273297500
273297700
273297800
273298000
273298100
273298800
273299600
273310460
273310630
273311280
273312270
273312460
273313560
273315480
273315570
273316960
273317270
273319630
273332330
273332830
273336810
273338720
273339120
273340330
273341320
273342630
273345230
273345620
273345710
273347730
273347910
273348330
273349130
273350410
273350610
273350650
273350810
273350850
273351040
273351500
273351680
273351740
273352230
273352280
273352910
273352930
273353630
273354130
273354540
273354820
273355070
273355560
273356020
273356070
273356740
273356760
273357560
273358010
273358840
273359030
273359300
273359310
273359400
273359510
273359630
273410310
273410500
273411800
273412090
273413910
273415090
273415200
273416010
273417010
273417040
273420560
273420660
273420800
273421300
273421500
273421520
273421600
273421700
273421900
273423060
273423560
273424070
273424250
273424300
273424870
273425330
273425450
273425630
273426900
273427000
273428220
273428300
273429220
273429300
273429800
273430630
273430750
273430790
273431010
273431300
273431440
273431450
273431690
273432500
273433220
273433400
273434640
273435250
273435580
273435790
273435850
273436060
273436830
273437080
273437550
273437790
273437810
273438070
273438500
273439560
273439980
273440600
273440690
273440730
273441490
273442400
273442420
273443790
273444180
273445180
273445310
273445430
273447010
273447080
273447750
273447930
273448120
273448380
273449170
273449380
273449620
273450230
273450570
273450760
273450930
273451570
273452210
273452330
273453080
273454800
273455340
273456310
273457250
273457300
273457700
273457870
273458200
273459510
273510600
273513700
273513800
273514800
273516500
273516600
273517500
273521100
273522400
273522500
273523100
273523300
273523400
273524100
273525500
273525900
273526000
273526300
273526800
273527000
273527500
273527900
273528800
273529300
273529800
273529900
273532110
273533300
273533800
273534110
273536210
273537800
273538800
273539310
273539800
273550400
273551400
273552400
273554600
273555000
273555500
273556300
273559200
273559400
273561700
273563210
273565410
273565500
273565900
273567010
273568800
273610200
273613100
273619100
273810080
273810110
273810300
273810610
273810710
273810800
273811080
273811210
273811300
273811710
273812100
273812400
273812510
273813100
273814510
273814900
273815900
273815910
273816200
273817070
273817400
273819100
273819510
273819700
273821000
273822210
273822810
273823020
273824700
273824810
273825000
273825010
273825110
273825210
273825520
273825700
273826010
273826220
273827010
273827030
273827320
273827800
273828010
273828110
273828310
273828600
273828800
273829010
273829110
273829310
273829810
273830200
273840100
273840320
273840710
273840800
273840900
273840910
273841710
273841800
273842020
273842400
273842800
273843610
273843700
273844020
273844800
273844910
273845610
273845620
273845700
273845900
273845910
273846010
273846020
273846300
273846400
273846610
273846700
273847200
273847300
273847400
273847500
273847700
273847900
273847910
273848010
273848100
273848120
273848210
273848400
273848600
273848610
273848700
273848710
273848910
273849000
273849210
273849520
273853000
273853400
273854000
273856100
273870500
273873400
273873500
273874000
273876000
273877000
273877500
273878000
273878100
273880100
273890100
273890710
273891300
273891710
273892610
273893200
273893400
273894010
273894400
273894510
273895000
273895200
273895300
273896000
273896200
273896300
273896810
273897100
273897300
273897700
273897710
273898100
273898600
273898610
273899100
273899200
273899300
273899500
275016000
275019000
275053000
275058000
275062000
275064000
275085000
275086000
275098000
275099000
275107000
275124000
275127000
275129000
275131000
275136000
275141000
275143000
275151000
275155000
275162000
275171000
275173000
275191000
275196504
275200000
275222000
275223000
275226000
275228000
275232000
275237000
275239000
275312000
275407000
275412000
275416000
275420000
276381000
276385000
276388000
276428000
276451000
276458000
276544000
276643000
276782000
276787000
276790000
276806000
277047000
277244000
277249000
277267000
277330000
277336000
277346000
277354000
277442000
277463000
277468000
303137000
303159000
303303000
303346000
303419000
303426100
303428000
303429000
303430000
303457000
303462000
303533000
303628000
303636000
303647000
303648000
303667000
303674000
303684000
303686000
303979000
303999000
305925000
3060
306031000
306094000
306783000
312014000
312027000
312060000
312086000
312189000
312191000
312216000
312341000
312488000
312498000
312506000
312509000
312616000
312622000
312854000
312864000
312888000
312891000
312897000
312912000
312940000
316001017
316001023
316001025
316001125
316001401
316001412
316001451
316001452
316001453
316001454
316001649
316001759
316001821
316001828
316001870
316001887
316002160
316002350
316002445
316002500
316002518
316002764
316002916
316002917
316002919
316002956
316002974
316003050
316003110
316003246
316003349
316003365
316003447
316003448
316003449
316003459
316003514
316003527
316003587
316003703
316003768
316003779
316004191
316004333
316004702
316004771
316004981
316005100
316005190
316005448
316005667
316005668
316005669
316005771
316005787
316006199
316006724
316006786
316006850
316006988
316007244
316007539
316007587
316007656
316007950
316009383
316009852
316011441
316011910
316012260
316013198
316014803
316016341
316018751
316019447
316020225
316020762
316021225
316022149
316023119
316023452
316067000
316100000
316111000
316269000
316303000
316319000
316323000
32126816
323103000
325165000
325277000
331000149
331072000
331074000
331093000
331117000
331142000
331165000
331168000
331184000
331208000
331209000
331273000
331277000
331325000
331426000
332251445
333300744
333301417
333301511
333303215
333304588
333305588
333305753
333331458
333385756
333388888
333392192
336430000
336431000
338060001
338066383
338070551
338077247
338078447
338079516
338085121
338096421
338104000
338110345
338129308
338132722
338137000
338140000
338162000
338185000
338296000
338351000
338526000
338603000
338626000
338643000
338673000
341060000
341136000
341149000
341177000
342578970
345070272
345080500
347002400
349052425
350107000
350108000
351347000
352419000
352577000
354622000
356567000
357788000
361000100
361001100
366046000
366047000
366083819
366116000
366118480
366164050
366173000
366183000
366207630
366207650
366208000
366211560
366218620
366222630
366230550
366231180
366245060
366264360
366270000
366297000
366298000
366299000
366384000
366401480
366408250
366425240
366431000
366433000
366444090
366468000
366480000
366499000
366526010
366542920
366547000
366577000
366646910
366691880
366705860
366721880
366728420
366731480
366734650
366736140
366738920
366743980
366748340
366749490
366758570
366761830
366762440
366764080
366773410
366804620
366819310
366820000
366824000
366827000
366841470
366845000
366860000
366864000
366866750
366867690
366886330
366888160
366888690
366894320
366899490
366899520
366900170
366901780
366908640
366916740
366920020
366926550
366927000
366929780
366936280
366940480
366941780
366946000
366946150
366946980
366947890
366950060
366950140
366954510
366967350
366969250
366969620
366971220
366971230
366972290
366978110
366980490
366986010
366987710
366988820
366991520
366993150
366993790
366998350
366999422
367002510
367004570
367008130
367008260
367010360
367011410
367011440
367014560
367016340
367016590
367016610
367018680
367019320
367022190
367024080
367026930
367028490
367028780
367030120
367030568
367033060
367033730
367033950
367034040
367037240
367037960
367038430
367038990
367041530
367044890
367048390
367056452
367059420
367059830
367061930
36706320
367064000
367078130
367079220
367079950
367081420
367083630
367083650
367084860
367085280
367085290
367085340
367085680
367086760
367088940
367089110
367092390
367093360
367094420
367098030
367098190
367098380
367100930
367101660
367107030
367108640
367109860
367114980
367116310
367116830
367118540
367119230
367119980
367122850
367124070
367124090
367124290
367125630
367127080
367127120
367131260
367134750
367137170
367138430
367138530
367139360
367142080
367143710
367143770
367147230
367149760
367151530
367156340
367157930
367161000
367161350
367162190
367165240
367165250
367166240
367166250
367166260
367166270
367166280
367167180
367167410
367170270
367170350
367171480
367171990
367172260
367173750
367176240
367177980
367179000
367181980
367182240
367185050
367185190
367186180
367187410
367187830
367189280
367191080
367192880
367299090
367299170
367301340
367301830
367302760
367307370
367308320
367310440
367312010
367316130
367319530
367320870
367321210
367324570
367326000
367326360
367327310
367328720
367330610
367330860
367331060
367331760
367338620
367338850
367343270
367344810
367346750
367347000
367347140
367348005
367348240
367352000
367353460
367354000
367355000
367357390
367358380
367359170
367359220
367363350
367371890
367375620
367380860
367382540
367384410
367392530
367394090
367395250
367397090
367397890
367399910
367402670
367402920
367405000
367406690
367406910
367408050
367408210
367408970
367410620
367411770
367412830
367415880
367416270
367425950
367426420
367428110
367429740
367432750
367435470
367436650
367438060
367440310
367442160
367444760
367445050
367445470
367445510
367448380
367452850
367453000
367463190
367463820
367472410
367479000
367479750
367484250
367486040
367487020
367488250
367488280
367489990
367490000
367490280
367492890
367494020
367494840
367497340
367498790
367506050
367509670
367512610
367514670
367518250
367521510
367522830
367526070
367528000
367530000
367530460
367530940
367533740
367538000
367544000
367544060
367545050
367549650
367556140
367581000
367589000
367601000
367603000
36764000
367658000
367659000
367662000
367704000
367705000
367717000
367774000
368032000
368037000
368038000
368085000
368158000
368206000
368213000
368217000
368251000
368272000
368293000
368313000
368339000
368380000
368412000
368446000
368454000
368466000
368526000
368555000
368560000
368565000
368566000
368572000
368578000
368583000
368608000
368609000
368610000
368633000
368698000
368699000
369174000
369515000
369531000
369546000
369604000
369970417
369999000
370599000
371106000
371224000
371696000
371759000
371789000
372880000
375714000
376602000
376603000
377191000
400010029
400205406
400460778
402012319
410000002
410000188
410000588
410000688
410000788
410000888
410001101
410005558
410201111
410986986
411128888
411229789
411235638
41200003
412000072
412000088
412000099
412000218
412000306
412000661
412000662
412000692
412000763
412000819
412000827
412000915
412000920
412001071
412001073
412001111
412001152
412001154
412001207
412001289
412001436
412001503
412001568
412001572
412001577
412001707
412001888
412001889
412002188
412002777
412002828
412002881
412003181
412003298
412004696
412005678
412005745
412005819
412006052
412006402
412006410
412006668
412006735
412008002
412008024
412008078
412008092
412008286
412008315
412009741
412010052
412010377
41201065
412010732
412012877
412015451
412015787
412017056
412017182
412017450
412019343
412019410
412025219
412025317
412025707
412025708
412028238
412031250
412033161
412035162
412035172
412035331
412035376
412035603
412040836
412040993
412041721
412041790
412051340
412054398
412055008
412055078
412055092
412055098
412055322
412059691
412060417
412060427
412060436
412061659
412061977
412068028
412071037
412071806
412075290
412080211
412080817
412081186
412082102
412088168
412089768
412098888
412099099
412101502
412110383
412111098
412111187
412111223
412120419
412123249
412136150
412152292
412200023
412200083
412200156
412200347
412200427
412200447
412200477
412200478
412200479
412200481
412200499
412200507
412200526
412200533
412200535
412200547
412200548
412200551
412200555
412200565
412200576
412200598
412200641
412200642
412200699
412200867
412200897
412201095
412201096
412201099
412201121
412201131
412201136
412201139
412201142
412201176
412201187
412201233
412201382
412201437
412201521
412201538
412201581
412201749
412201751
412201752
412201755
412201758
412201772
412202188
412202243
412202462
412202567
412202573
412202655
412202656
412202706
412202707
412202763
412202765
412202766
412202767
412202771
412202772
412202778
412202785
412202886
412202939
412202943
412202958
412203048
412203052
412203169
412203195
412203198
412203322
412203323
412203331
412203345
412203347
412203349
412203530
412203660
412203681
412203929
412205002
412205018
412205045
412205049
412205055
412205057
412205073
412205087
412205106
412205108
412205117
412205119
412205125
412205126
412205131
412205136
412205137
412205156
412205209
412205359
412205368
412205371
412205385
412205402
412205403
412205407
412205408
412205409
412205411
412205413
412205417
412205421
412205422
412205423
412205425
412205427
412205431
412205432
412205433
412205435
412205436
412205438
412205439
412205443
412205445
412205453
412205455
412205456
412205457
412205468
412205472
412205473
412205475
412205477
412205482
412205487
412205493
412205496
412205499
412205512
412205513
412205515
412205518
412205519
412205525
412205528
412205531
412205537
412205541
412205543
412205552
412205553
412205556
412205557
412205558
412205562
412205563
412205565
412205566
412205569
412205571
412205572
412205573
412205575
412205577
412205579
412205586
412205588
412205589
412205601
412205602
412205603
412205608
412205609
412205612
412205613
412205615
412205616
412205617
412205618
412205623
412205675
412205676
412205693
412205695
412205706
412205733
412205741
412205867
412206010
412206817
412206818
412206877
412206878
412206911
412206912
412207023
412207122
412207686
412210055
412210099
412210106
412210426
412210465
412210577
412210624
412211058
412211085
412211086
412211087
412211088
412211109
412211135
412211187
412211204
412211213
412211214
412211241
412211242
412211263
412211264
412211266
412211327
412211382
412211383
412211462
412211587
412211588
412211605
412211608
412211609
412211613
412211615
412211618
412211626
412211628
412211637
412211651
412211652
412211658
412211668
412211677
412211681
412211682
412211688
412211689
412211699
412211701
412211706
412211707
412211713
412211716
412211727
412211728
412211729
412211731
412211732
412211777
412211813
412212526
412213531
412216525
412217999
412218111
412225288
412234089
412234113
412234555
412236884
412251025
412251049
412260857
412260928
412270002
412270073
412270074
412270077
412270092
412270093
412270097
412281618
412281638
412285686
412286888
412300274
412300833
412301313
412303508
412310771
412310773
412310776
412311113
412311114
412320010
412320025
412320404
412320472
412320626
412320742
412320824
412320848
412320968
412320976
412321034
412321132
412321159
412321185
412321222
412321483
412321495
412321533
412321536
412321571
412321769
412321807
412321906
412321908
412321909
412321946
412321965
412322392
412322458
412322492
412322811
412322823
412322848
412322995
412322997
412322999
412323015
412323031
412323035
412323043
412323044
412323056
412323058
412323059
412323061
412323063
412323065
412323072
412323074
412323102
412323134
412323135
412323136
412323137
412323138
412323141
412323144
412323145
412323151
412323157
412323159
412323161
412323166
412323167
412323168
412323181
412323214
412323296
412323513
412323524
412323532
412323533
412323536
412323539
412323544
412323547
412323551
412323555
412323556
412323557
412323559
412323561
412323563
412323566
412323569
412323578
412323582
412323587
412323588
412323594
412323601
412323612
412323617
412323625
412323633
412323641
412323642
412323656
412323659
412323664
412323672
412323674
412323675
412323682
412323683
412323689
412323692
412323695
412323698
412323724
412323731
412323736
412323776
412323777
412323779
412323784
412323787
412323798
412323813
412323814
412323828
412323835
412323837
412323849
412323963
412323983
412323984
412323985
412323986
412323988
412323989
412323993
412323994
412323995
412324003
412324004
412324005
412324008
412324009
412324016
412324018
412324021
412324023
412324029
412324032
412324033
412324035
412324037
412324038
412324039
412324041
412324043
412324047
412324048
412324049
412324051
412324052
412324061
412324067
412324076
412324077
412324078
412324079
412324083
412324084
412324089
412324092
412324093
412324094
412324095
412324098
412324105
412324107
412324109
412324112
412324115
412324119
412324121
412324122
412324125
412324126
412324127
412324128
412324131
412324133
412324134
412324136
412324138
412324139
412324144
412324148
412324149
412324152
412324153
412324154
412324155
412324158
412324159
412324161
412324162
412324163
412324164
412324166
412324167
412324168
412324169
412324171
412324172
412324173
412324175
412324177
412324178
412324179
412324181
412324182
412324183
412324185
412324186
412324187
412324188
412324189
412324191
412324192
412324194
412324195
412324196
412324197
412324201
412324202
412324203
412324204
412324209
412324211
412324212
412324213
412324216
412324217
412324218
412324219
412324221
412324222
412324223
412324224
412324226
412324228
412324229
412324274
412324292
412324293
412324381
412324502
412324609
412324611
412324614
412324615
412324616
412324623
412324624
412324625
412324627
412324628
412324629
412324631
412324634
412324643
412324645
412324646
412324649
412324654
412324655
412324656
412324657
412324659
412324664
412324674
412324678
412324684
412324687
412324688
412324693
412324696
412324698
412324701
412324703
412324704
412324705
412324707
412324708
412324712
412324715
412324716
412324717
412324721
412324729
412324738
412324743
412324825
412324838
412324839
412324853
412324854
412324870
412324886
412324887
412324915
412324916
412324961
412324963
412325008
412325009
412325013
412325022
412325025
412325029
412325052
412325151
412325165
412325166
412325171
412325187
412325211
412325239
412325242
412325245
412325246
412325272
412325278
412325284
412325298
412325299
412325317
412325345
412325362
412325364
412325365
412325399
412325403
412325404
412325417
412325426
412325431
412325451
412325452
412325453
412325461
412325471
412325473
412325474
412325475
412325477
412325483
412325487
412325488
412325494
412325496
412325498
412325502
412325503
412325504
412325509
412325512
412325515
412325519
412325521
412325525
412325528
412325533
412325534
412325535
412325537
412325538
412325544
412325549
412325555
412325556
412325561
412325589
412325609
412325613
412325639
412325646
412325648
412325664
412325665
412325676
412325683
412325687
412325694
412325698
412325701
412325702
412325703
412325705
412325714
412325723
412325726
412325727
412325732
412325742
412325745
412325751
412325762
412325768
412325776
412325788
412325797
412325812
412325815
412325822
412325842
412325855
412325858
412325859
412325861
412325862
412325868
412325876
412325877
412325878
412325882
412325884
412325893
412325898
412325899
412325901
412325903
412325908
412325922
412325926
412325932
412325933
412325965
412325966
412325981
412325982
412325984
412325987
412325988
412325996
412325998
412326008
412326009
412326013
412326024
412326033
412326034
412326039
412326099
412326119
412326129
412326133
412326137
412326149
412326151
412326154
412326184
412326196
412326206
412326208
412326252
412326267
412326272
412326277
412326299
412326325
412326327
412326329
412326331
412326341
412326357
412326364
412326377
412326384
412326385
412326395
412326485
412326595
412326599
412326602
412326692
412326697
412326703
412326753
412326879
412326883
412327161
412327242
412327354
412327358
412327359
412327361
412327363
412327366
412327368
412327371
412327372
412327373
412327374
412327384
412327385
412327386
412327387
412327393
412327397
412327402
412327404
412327405
412327406
412327407
412327408
412327409
412327412
412327413
412327414
412327416
412327417
412327418
412327421
412327422
412327423
412327446
412327449
412327458
412327474
412327477
412327481
412327482
412327493
412327494
412327501
412327507
412327533
412327534
412327554
412327565
412327616
412327617
412327618
412327619
412327625
412327627
412327632
412327633
412327636
412327638
412327645
412327647
412327648
412327658
412327659
412327666
412327667
412327668
412327669
412327673
412327687
412327688
412327698
412327707
412327708
412327709
412327711
412327716
412327728
412327744
412327795
412327799
412327811
412327812
412327815
412327816
412327820
412327830
412327879
412327881
412327971
412327972
412327984
412327989
412328005
412328034
412328094
412328152
412328231
412328237
412328245
412328246
412328247
412328256
412328265
412328266
412328269
412328272
412328273
412328274
412328277
412328281
412328373
412328511
412328588
412328591
412328605
412328635
412328786
412328794
412329270
412330250
412333333
412333344
412333555
412333656
412333665
412333898
412345687
412348837
412348865
412348883
412348888
412348964
412348974
412348979
412348984
412348999
412349003
412349021
412349041
412349074
412349108
412349113
412349129
412349147
412349163
412349325
412349326
412349329
412349333
412349338
412349341
412349344
412349345
412349365
412349366
412349367
412349368
412349369
412349376
412349377
412349378
412349395
412349398
412349401
412349402
412349427
412349465
412349484
412349485
412349506
412349519
412349522
412349523
412349561
412349571
412349631
412349632
412349634
412349635
412349636
412349639
412349641
412349653
412349663
412349673
412349675
412349676
412349701
412349712
412349732
412349736
412349778
412349779
412349782
412349784
412349791
412349792
412349839
412349904
412349918
412349931
412349987
412349988
412350005
412350027
412350049
412350066
412350072
412350073
412352686
412352817
412352818
412352837
412352842
412352872
412352887
412352896
412352917
412352925
412353029
412353151
412353252
412353258
412353341
412356555
412360217
412364121
412365076
412365204
412365212
412365316
412365504
412368456
412369034
412369146
412369179
412370148
412370173
412370177
412370186
412370241
412370578
412371031
412371033
412371034
412379270
412387001
412387011
412400154
412400155
412401010
412409320
412410008
412410015
412410023
412410201
412410238
412410255
412410609
412410728
412410823
412411005
412411015
412411037
412411047
412411057
412411146
412411216
412411235
412411239
412411241
412411523
412411542
412411543
412411749
412412028
412412038
412412057
412412115
412412391
412412392
412412399
412412653
412412676
412412686
412412699
412412712
412412715
412412722
412412725
412412727
412412763
412412765
412412766
412412767
412412779
412412795
412412812
412412975
412413001
412413016
412413038
412413042
412413052
412413054
412413057
412413061
412413072
412413079
412413082
412413138
412413152
412413155
412413162
412413164
412413175
412413199
412413211
412413262
412413266
412413274
412413276
412413278
412413385
412413386
412413389
412413394
412413661
412413704
412413824
412413842
412413884
412413902
412413907
412414579
412414653
412414656
412414678
412415351
412415369
412415377
412415554
412416374
412416428
412416559
412416572
412416721
412416982
412417047
412417197
412417262
412417388
412417662
412418355
412418359
412418361
412418366
412418368
412418377
412418378
412418387
412418396
412418398
412418405
412418415
412418416
412418417
412418418
412418422
412418651
412418983
412418997
412419016
412419051
412419053
412419055
412419091
412419146
412419147
412419161
412419239
412419256
412419462
412419612
412419654
412419677
412419719
412419771
412420114
412420154
412420195
412420197
412420228
412420238
412420239
412420248
412420252
412420253
412420254
412420288
412420329
412420331
412420339
412420343
412420344
412420432
412420433
412420434
412420435
412420436
412420452
412420453
412420455
412420493
412420582
412420584
412420585
412420601
412420684
412420785
412420788
412420789
412420792
412420793
412420794
412420795
412420796
412420805
412420809
412420811
412420812
412420813
412420814
412421100
412421386
412421394
412421675
412421768
412421852
412422171
412422182
412422195
412422279
412422292
412422354
412422366
412422377
412422391
412424478
412424482
412424508
412424513
412424516
412424585
412424696
412424701
412424706
412425075
412425128
412425154
412425171
412425346
412425354
412425361
412426039
412426068
412426259
412426658
412426885
412427801
412428170
412431190
412431238
412431332
412431407
412431458
412431636
412431642
412431643
412431662
412431723
412431724
412432038
412432048
412432117
412432165
412432202
412432211
412432227
412432229
412432271
412432304
412432305
412432314
412432321
412432322
412432332
412432343
412432348
412432365
412432366
412432369
412432383
412432388
412432398
412432401
412432402
412432404
412432411
412432412
412432833
412432934
412432978
412432999
412433107
412433108
412433114
412433121
412433293
412433307
412433333
412433343
412433347
412433348
412433349
412433351
412433352
412433376
412433377
412433378
412433379
412433385
412433386
412433387
412433393
412433397
412433398
412433415
412433459
412433461
412433504
412433577
412433578
412433609
412433638
412433648
412433663
412433676
412433682
412433733
412433763
412433774
412433777
412433785
412433803
412433811
412433812
412433839
412433877
412433901
412433928
412435036
412435181
412435435
412435489
412435651
412435952
412436003
412436139
412436305
412436576
412436623
412436702
412436764
412436797
412436831
412436854
412437033
412437137
412437157
412437161
412437223
412437296
412437415
412437442
412437549
412437557
412437592
412437638
412437768
412438126
412438799
412438817
412438878
412439087
412439571
412439587
412439742
412439743
412439745
412439908
412439927
412439933
412440037
412440038
412440043
412440045
412440046
412440155
412441013
412441015
412441094
412441223
412441365
412441366
412441395
412441423
412441438
412441447
412441545
412441586
412441605
412441619
412441625
412441655
412441678
412441692
412441695
412441749
412441757
412441799
412441849
412441859
412441861
412441864
412441885
412441889
412441897
412441915
412441943
412441953
412442015
412442018
412442024
412442049
412442055
412442056
412442059
412442066
412442092
412442094
412442106
412442117
412442124
412442132
412442208
412442224
412442228
412442242
412442303
412442315
412442373
412442383
412442384
412442387
412442445
412442453
412442506
412443003
412443011
412443022
412443207
412443221
412443227
412443266
412443276
412443315
412443316
412443319
412443333
412443334
412443383
412443404
412443416
412443423
412443571
412443677
412443891
412443895
412443939
412444688
412444762
412444856
412444863
412444868
412444871
412444873
412444883
412444896
412444901
412444915
412444922
412444925
412444949
412444952
412444953
412444963
412444965
412445086
412445094
412445199
412445202
412447219
412447228
412447287
412447439
412447533
412447632
412448198
412448364
412448392
412448622
412448636
412448644
412448661
412448662
412448675
412448677
412448679
412448696
412448702
412448703
412448704
412448708
412448723
412448726
412448734
412448741
412448771
412448786
412448787
412448806
412448807
412448814
412448821
412448839
412448846
412448859
412448873
412448874
412448884
412448889
412448892
412448893
412448894
412448896
412448903
412448905
412448907
412448923
412448926
412448941
412448954
412448968
412448977
412448978
412448981
412448985
412448987
412448989
412448999
412449001
412449009
412449017
412449023
412449027
412449028
412449032
412449033
412449039
412449043
412449046
412449149
412449155
412449161
412449169
412449199
412449201
412449211
412449213
412449242
412449251
412449308
412449311
412449325
412449358
412449377
412449386
412449388
412449413
412449423
412449489
412449553
412449572
412449575
412449587
412449606
412449612
412449616
412449618
412449628
412449634
412449635
412449655
412449662
412449664
412449665
412449671
412449709
412449716
412449725
412449741
412449767
412449768
412449772
412449774
412449778
412449779
412449816
412449832
412449849
412449879
412449919
412449947
412449951
412449953
412449968
412449969
412449983
412449985
412449991
412449996
412449997
412450003
412450004
412450008
412450013
412450014
412450015
412450017
412450018
412450021
412450022
412450031
412450041
412450043
412450045
412450052
412450053
412450057
412450072
412450078
412450079
412450096
412450104
412450119
412450131
412450138
412450155
412450157
412450166
412450168
412450193
412450203
412450205
412450218
412450223
412450287
412450317
412450323
412450330
412450340
412450357
412450359
412450366
412450369
412450372
412450373
412450391
412450435
412450457
412450459
412450638
412450648
412450672
412450766
412450789
412450795
412450814
412450819
412450829
412450888
412450957
412451046
412451067
412451312
412451317
412451346
412451359
412451374
412451375
412451425
412451556
412451566
412451568
412451571
412451579
412451729
412451769
412451823
412451864
412451883
412451999
412452006
412452094
412452164
412452303
412452396
412452588
412452752
412452789
412452918
412452954
412452996
412454214
412456890
412460391
412460487
412460561
412460566
412460583
412460592
412460593
412460605
412460614
412460615
412460634
412460636
412460669
412460681
412460689
412460713
412460716
412460717
412460724
412460736
412460737
412460739
412460741
412460749
412460751
412460753
412460756
412460758
412460762
412460765
412460768
412460775
412460776
412460781
412460783
412460786
412460792
412460793
412460795
412460799
412460802
412460861
412461526
412461557
412461561
412461594
412461595
412461596
412461605
412461618
412461638
412461666
412461668
412461702
412461707
412461717
412461722
412461756
412461757
412461788
412461793
412461797
412462086
412462129
412462144
412462177
412462223
412462224
412462254
412462255
412462266
412462268
412462271
412462273
412462276
412462278
412462283
412462298
412462315
412462394
412462419
412462619
412462621
412462635
412462654
412462656
412462657
412462658
412462671
412463753
412463785
412463791
412463839
412463842
412463856
412463861
412463898
412464059
412464067
412464085
412464115
412464157
412464175
412464178
412464184
412464222
412464225
412464226
412464234
412464236
412464237
412464249
412464253
412464266
412464269
412464286
412464294
412464295
412464314
412464315
412464316
412464317
412464323
412464326
412464329
412464341
412464348
412464368
412464376
412464386
412464399
412464411
412464414
412464416
412464417
412464429
412464436
412464443
412464446
412464448
412464573
412464574
412464576
412464578
412464582
412464583
412464584
412464585
412464602
412464605
412464609
412464618
412464622
412464637
412464645
412464702
412464707
412464777
412464785
412464913
412464957
412464959
412464992
412466901
412466902
412466903
412466905
412466909
412466922
412466925
412466933
412467981
412468177
412468198
412468242
412468251
412468502
412468572
412468575
412469117
412469212
412469222
412469224
412469228
412469238
412469244
412469268
412469271
412469279
412469299
412469306
412469322
412469362
412469461
412469495
412469535
412469561
412469576
412469768
412469828
412469986
412470012
412470113
412470183
412470191
412470371
412470373
412470374
412470375
412470376
412470378
412470387
412470389
412470405
412470416
412470418
412470419
412470421
412470422
412470426
412470427
412470428
412470429
412470432
412470482
412470485
412470487
412470493
412470508
412470524
412470532
412470534
412470538
412470546
412470548
412470551
412470555
412470558
412470559
412470561
412470569
412470571
412470582
412470586
412470591
412472055
412472061
412472062
412472092
412472106
412472107
412472223
412472247
412472335
412472352
412472427
412474020
412474698
412474726
412474861
412474976
412475019
412475035
412475038
412475394
412475771
412475971
412476298
412476379
412476388
412476431
412476435
412476462
412476493
412476499
412476541
412476561
412476567
412476668
412476678
412476716
412476745
412476753
412476773
412476823
412476921
412476987
412476999
412477026
412477203
412477278
412477287
412477295
412477298
412477358
412477372
412477496
412477511
412477624
412477637
412477648
412477748
412477778
412477833
412477835
412477951
412477965
412478048
412478052
412478137
412478171
412478369
412478386
412478583
412478584
412478585
412478591
412478632
412478698
412479071
412479334
412479338
412479523
412479524
412479543
412479544
412479591
412479594
412479601
412479779
412479844
412480112
412480125
412480209
412480282
412480316
412480336
412480405
412480419
412480433
412480451
412480513
412480521
412480522
412480559
412480715
412482774
412482776
412486008
412502070
412535778
412555688
412555888
412565686
412567886
412568567
412568636
412568659
412568966
412583698
412586586
412587999
412588968
412589641
412596007
412612099
412659386
412665533
412666633
412666689
412668588
412672290
412673210
412676780
412676789
412678040
412679180
412679190
412686340
412688158
412690350
412690360
412690730
412691230
412691770
412695240
412695550
412695560
412695580
412695630
412695640
412695660
412697160
412698490
412699230
412700094
412700149
412700707
412701043
412701068
412701087
412701139
412701176
412701178
412701698
412702528
412702681
412702843
412702868
412703148
412703159
412703171
412705310
412705332
412705622
412705623
412706440
412706485
412708539
412761150
412764850
412765836
412768699
412783212
412789899
412804041
412804307
412806439
412810764
412819025
412819027
412819071
412819073
412819119
412819123
412819126
412819657
412820259
412821058
412836597
412865968
412880584
412880788
412881008
412881030
412881088
412881650
412881676
412881681
412882219
412883317
412884139
412888886
412888887
412897998
412899229
412899669
412900116
412900129
412900356
412932869
412964646
412979978
412995008
412999921
413000006
413000119
413000356
413000358
413000685
413000725
413000783
413001086
413001102
413001186
413001319
413001373
413001533
413001666
413001751
413001989
413004111
413004115
413004775
413005127
413005129
413005131
413005134
413005135
413005139
413007733
413008103
413010243
413016098
413018408
413020047
413027027
413051588
413061599
413064196
413075116
413100851
413115106
413123455
413123567
413200819
413202930
413219000
413222000
413224000
413232008
413234157
413236000
413239919
413250105
413258899
413267888
413272319
413272322
413272356
413301150
413320290
413324344
413350750
413360330
413361770
413403440
413406820
413420440
413427190
413440610
413441670
413442060
413467860
413468860
413480934
413501480
413503690
413504960
413522033
413550000
413555033
413563322
413563786
413599998
413636363
413661555
413666661
413691270
413693270
413693280
413700858
413701496
413702777
413702970
413703046
413703049
413703066
413703115
413703118
413705379
413705592
413705669
413705689
413705692
413705698
413705717
413705752
413705768
413705769
413705812
413705850
413706482
413706484
413706733
413720488
413756489
413762897
413766666
413816324
413819461
413885239
413887799
413900551
413900937
413913913
413984132
413987974
413989375
415000362
415000647
415000893
415001030
415001032
415001104
415001107
415001118
415001119
415001138
415001158
415001168
415001175
415001180
415001186
415004111
415033333
415080139
415095504
415100117
415595393
415595962
415602728
415602782
415689669
415778889
415877688
415986898
416000007
416000033
416000106
416000154
416000179
416000661
416000749
416001833
416001845
416001900
416002175
416002198
416002269
416002374
416002492
416002545
416002813
416003471
416003600
416003756
416003803
416003822
416003854
416004204
416004242
416004245
416004246
416004248
416004339
416004342
416004344
416004409
416004411
416018800
416029800
416030500
416031600
416032500
416110700
416121600
416197600
416217800
416221800
416232600
416233600
416237500
416237800
416238700
416238800
416239700
416308000
416311000
416315000
416510000
416521000
416545000
416602000
416639000
416702000
416730000
416731000
416755000
416820000
418888899
419900150
419900160
420011420
420526510
421205717
421447041
421666888
422120515
422223000
422224000
422524000
424426611
431000580
431000650
431002191
431022000
431025000
431028000
431038000
431047000
431053000
431067000
431070000
431100030
431100750
431100850
431100940
431101320
431116000
431121000
431135000
431137000
431154000
431155000
431159000
431171000
431182000
431200590
431206000
431225000
431251000
431253000
431254000
431272000
431308000
431310000
431316000
431329000
431331000
431379000
431380000
431382000
431395000
431397000
431399000
431424000
431435000
431439000
431444000
431447000
431453000
431457000
431465000
431466000
431469000
431482000
431487000
431490000
431494000
431505000
431511000
431525000
431595000
431602130
431602890
431603220
431614000
431652000
431679000
431682000
431683000
431686000
431693000
431700210
431700260
431700970
431702230
431704230
431704520
431710000
431717000
431720000
431722000
431723000
431725000
431729000
431731000
431739000
431750000
431753000
431768000
431769000
431782000
431787000
431791000
431795000
431797000
431798000
431801000
431802000
431812000
431813000
431817000
431828000
431838000
431853000
431854000
431856000
431866000
431869000
431873000
431889000
431893000
431903000
431914000
431919000
431925000
431927000
431932000
431934000
431935000
431938000
432045000
432106000
432226000
432228000
432261000
432276000
432282000
432288000
432298000
432306000
432319000
432321000
432322000
432343000
432346000
432353000
432364000
432365000
432367000
432370000
432374000
432395000
432399000
432405000
432408000
432410000
432411000
432426000
432438000
432443000
432444000
432447000
432448000
432453000
432454000
432458000
432463000
432468000
432475000
432487000
432503000
432507000
432511000
432549100
432558000
432564000
432575000
432586000
432621000
432626000
432685000
432706000
432708000
432726000
432738000
432753000
432787000
432791000
432845000
432848000
432850000
432856000
432878000
432881000
440003680
440045000
440046000
440055000
440071000
440089000
440099000
440100000
440108000
440108380
440111111
440120530
440122430
440122450
440122870
440123290
440125010
440130140
440145030
440151080
440152650
440153170
440154000
440216000
440233000
440236000
440239000
440246000
440256000
440280000
440281000
440287000
440288000
440295000
440298000
440311870
440312840
440313960
440315710
440382000
440444000
440450000
440492000
440502000
440503000
440504000
440517000
440522000
440528000
440542000
440548000
440549000
440552000
440570000
440574000
440575000
440583000
440584000
440590000
440595000
440604000
440612000
440616000
440617000
440620000
440623000
440624000
440628000
440636000
440640000
440641000
440645000
440646000
440647000
440648000
440652000
440654000
440656000
440662000
440669000
440670000
440671000
440683000
440703000
440704000
440705000
440706000
440707000
440715000
440731000
440733000
440747000
440751000
440755000
440761000
440765000
440770000
440772000
440773000
440777000
440778000
440780000
440781000
440782000
440786000
440787000
440788000
440792000
440793000
440794000
440796000
440801000
440802000
440807000
440808000
440809000
440810000
440811000
440812000
440813000
440818000
440820000
440821000
440822000
440823000
440846000
440847000
440852000
440854000
440858000
440863000
440871000
440873000
440885000
440886000
440890000
440894000
440895000
440900000
440912000
440916000
440919000
440920000
440926000
440927000
440931000
440933000
440934000
440935000
440936000
440941000
440944000
440946000
440950000
440952000
440954000
440958000
440963000
440966000
440968000
440973000
440975000
440980000
440986000
440987000
440990000
440992000
440995000
441007000
441014000
441015000
441018000
441024000
441029000
441032000
441038000
441043000
441047000
441050000
441051000
441053000
441062000
441066000
441072000
441081000
441083000
441084000
441085000
441090000
441098000
441114000
441142000
441166000
441182000
441233000
441242000
441251000
441295000
441298000
441303000
441309000
441330000
441360000
441374000
441404000
441410000
441412000
441413000
441446000
441483000
441493000
441495000
441536000
441561000
441565000
441584000
441644000
441645000
441650000
441660000
441666000
441667000
441675000
441680000
441699000
441734000
441766000
441767000
441770000
441784000
441811000
441812000
441816000
441825000
441853000
441864000
441865000
441868000
441870000
444042912
444080710
444095214
451004112
456452077
457715000
46135000
462801187
470100540
470442000
470571000
47121120
5004
501000000
503057000
503142800
503362900
503556000
503595000
503617600
503659100
503668900
503671200
503732000
510054000
512000015
512000030
512000058
512000072
512000089
512000113
512000122
512000125
512000192
512027000
512085000
512161000
512169000
512189000
512229000
512400000
515377000
518449000
520217000
520218000
520238000
520241000
520243000
525015556
529004000
529413000
529414000
529415000
529417000
529438000
529440000
529469000
532201296
533170033
533333009
538001762
538060004
538060005
538060006
538060007
538060008
538060015
538060016
538060017
538060018
538060019
538070487
540000240
540000610
540006000
540007600
540010700
540010800
540010900
540011500
548126364
548831000
553456789
556555654
556555655
556555656
556677211
558558699
567334000
5708
576262000
576270000
576276000
576277000
576363000
576375000
576397000
576496000
576497000
576655000
577077000
577105000
5918
600000634
600001500
600002856
600004531
600005346
600006306
600011541
600011564
601041200
601705000
601707000
616798000
616807000
616825000
616927000
616999035
616999237
617045000
617073000
618000500
619002000
627001000
627006000
632202200
63405240
635000300
635212000
635218000
635225000
645246000
649034000
650766201
657544000
657545000
657658000
657659000
659057000
659070000
659470000
660000200
660000300
660000500
660000800
660001400
660001500
660002100
660002300
660002400
660002500
660002600
660002700
660003100
660004300
660004900
660005100
664002000
665111117
665111119
667342000
667788211
700000151
700000586
701000506
701000509
701000511
701000512
701000515
701000516
701000517
701000528
701000529
701000531
701000535
701000537
701000543
701000546
701000547
701000549
701000550
701000551
701000553
701000561
701000562
701000577
701000578
701000583
701000588
701000591
701000597
701000599
701000601
701000612
701000615
701000619
701000620
701000623
701000626
701000627
701000628
701000629
701000631
701000632
701000633
701000636
701000639
701000642
701000645
701000646
701000648
701000649
701000650
701000651
701000652
701000658
701000663
701000666
701000667
701000672
701000673
701000674
701000675
701000680
701000681
701000686
701000687
701000689
701000690
701000691
701000702
701000708
701000710
701000717
701000720
701000729
701000735
701000742
701000743
701000745
701000755
701000756
701000757
701000764
701000765
701000768
701000771
701000772
701000786
701000787
701000791
701000793
701000794
701000800
701000804
701000805
701000808
701000823
701000834
701000835
701000840
701000841
701000842
701000844
701000849
701000850
701000852
701000857
701000858
701000860
701000865
701000867
701000870
701000875
701000876
701000878
701000879
701000880
701000882
701000884
701000885
701000892
701000895
701000899
701000900
701000901
701000907
701000908
701000916
701000917
701000918
701000919
701000927
701000928
701000929
701000932
701000933
701000934
701000935
701000940
701000945
701000947
701000948
701000949
701000950
701000959
701000960
701000962
701000965
701006001
701006003
701006005
701006026
701006028
701006034
701006038
701006040
701006042
701006043
701006044
701006046
701006048
701006056
701006058
701006059
701006060
701006069
701006080
701006083
701006085
701006092
701006093
701006094
701006119
701006131
701006132
701006133
701006135
701006138
701006139
701006144
701006145
701006147
701006149
701006168
701006182
701006183
701006341
701006360
701006385
701006391
701006405
701006427
701006445
701006468
701007014
701007021
701007027
701007039
701007040
701007043
70100726
701018000
701019000
701023000
701024000
701027000
701030000
701031000
701033000
701037000
701041000
701045000
701054000
701066000
701068000
701075000
701078000
701079000
701094000
701096000
701100000
710040759
710080006
710080007
710080014
715309184
725000003
725000027
725000028
725000029
725000131
725000140
725000146
725000192
725000193
725000199
725000217
725000219
725000261
725000269
725000275
725000285
725000287
725000288
725000291
725000294
725000307
725000311
725000312
725000332
725000335
725000360
725000410
725000420
725000440
725000450
725000460
725000470
725000510
725000570
725000580
725000591
725000620
725000667
725000669
725000680
725000690
725000696
725000800
725000810
725000850
725000879
725000882
725000890
725000896
725000910
725000950
725000970
725000972
725000990
725001250
725001320
725001400
725001470
725001850
725001900
725002050
725002300
725002360
725002410
725002560
725002890
725003110
725003220
725003670
725004140
725004270
725004500
725004520
725004900
725005800
725007600
725007800
725009300
725009500
725010191
725011900
725012800
725019300
725019329
730015000
730017000
730018000
730019000
730051000
730059000
735057564
735057565
735057587
735057638
735057642
735058003
735058912
735059088
735059089
740333000
740335000
740336000
740337000
740338000
740349000
740352000
740353000
740356000
740366000
740368000
740369000
740372000
740377000
740382000
745000080
760000290
760000360
760000370
760000380
760000840
760119000
760125000
763500000
770191155
770576047
770576059
770576064
770576065
770576071
770576080
770576091
770576096
770576099
770576112
770576113
770576114
770576115
770576116
770576117
770576118
770576120
770576124
770576134
770576135
770576150
770576153
770576161
770576174
770576176
770576182
770576183
770576186
770576263
773000
774559424
775000000
775602000
775616000
775618000
775627000
775628000
775993020
775993050
790701408
790701456
800000041
800000052
800000063
800000064
800000068
800000753
800000861
800000880
800000901
800001160
800001403
800001633
800001648
800001652
800001671
800003410
800003442
800003599
800003774
800003782
800003783
800004053
800004323
800004505
800004525
800004542
800004580
800004645
800005081
800005216
800007017
800007030
800007694
800008084
800008784
800010143
800010223
800010375
800010714
800010727
800010783
800011197
800011217
800011814
800012832
800013605
800013615
800014523
800014997
800015475
800016025
800016039
800016052
800016082
800016237
800016322
800016325
800016337
800016520
800017427
800017781
800017783
800017794
800017799
800017800
800017801
800017805
800017811
800017813
800017827
800018069
800018076
800018334
800018898
800019257
800019283
800019446
800019483
800019488
800019508
800019531
800019551
800020138
800020338
800021061
800021117
800021863
800021957
800022040
800022544
800023470
800025689
800025818
800025965
800028027
800028461
800031309
800807465
8072781
8073718
810040240
810040370
810040405
810060055
810080160
810080260
810080288
811021191
812000012
812000013
812012345
812041021
812041339
812041340
812041378
812041379
812460551
812460774
820040921
820040925
820040939
820040957
820040960
820040971
820040977
820080015
820080062
856106132
864110009
864135240
875216183
875401258
875408958
875411089
875412025
875413020
875421007
875421082
875421150
875421167
875421410
875437009
888882178
888899999
891201189
891201526
899999999
900000605
900000678
900000868
900002675
900004220
900004467
900004582
900004752
900005471
900006119
900007188
900007950
900008161
900008301
900008389
900010022
900010042
900010710
900011755
900012100
900012260
900012621
900012626
900012629
900014235
900016404
900016503
900016678
900017301
900017414
900017733
900017740
900017916
900017921
900018042
900018479
900018571
900018673
900018822
900018910
900019254
900019573
900019605
900019637
900019689
900020237
900020314
900020346
900020354
900020363
900020549
900020593
900020625
900020636
900021269
900021672
900021755
900021766
900021896
900022212
900022558
900023030
900023665
900024639
900024651
900024865
900025075
900025756
900031645
900060669
900105107
900114169
900115118
900115355
900208308
900208625
900212855
900217178
900218392
900219122
900219206
900228758
900234527
900238587
900261009
900266068
900266098
900267038
900268698
900270022
900271102
900271268
900271331
900272315
900272316
900272317
900272321
900272332
900272333
900272378
900272389
900300001
900300106
900300168
900300266
900300303
900300308
900300318
900300377
900300501
900300518
900300520
900300533
900300588
900300602
900300611
900300655
900300698
900300701
900300713
900300802
900300820
900300901
900300912
900300933
900300968
900301201
900301216
900301251
900301252
900301287
900301303
900301307
900301309
900301316
900301317
900301318
900301323
900301328
900301358
900301359
900301369
90030138
900301409
900301431
900301438
900301446
900302215
900302258
900302308
900302413
900302428
900303102
900303106
900303108
900303110
900303116
900303121
900303122
900303125
900303128
900303137
900303228
900304102
900304103
900304157
900304202
900304208
900304210
900304218
900304238
900305148
900305210
900305228
900305237
900305306
900305325
900305577
900305612
900305631
900305646
900305656
900305717
900305740
900305817
900305834
900305878
900305886
900305902
900305912
900305913
900305914
900305915
900305916
900305917
900306208
900306222
900306226
900306242
900306301
900306360
900306386
900306410
900306428
900306812
900306815
900306831
900306918
900306955
900306986
900306996
900307131
900307186
900307268
900307307
900307314
900307422
900307501
900307533
900307703
900307707
900307712
900307713
900307719
900307731
900307733
900307737
900307738
900307745
900307761
900307804
900307808
900308101
900308104
900308105
900308106
900308108
900308111
900308122
900308128
900308144
900308177
900308186
900308201
900308202
900308210
900308305
900308311
900308416
900309116
900309203
900309210
900309221
900309226
900309231
900309407
900309429
900309440
900309505
90031310
900313102
900313110
900313146
900313153
900313155
900313187
900313206
900313211
900313215
900313302
900313323
900313327
900313350
900313401
900313411
900313432
900314107
900314113
900314119
900314120
900314204
900314205
900314208
900314215
900314222
900314229
900314288
900314317
900314324
900314328
900314358
900330328
900367803
900380109
900380628
900380636
900380685
900401126
900401208
900401326
900401512
900401521
900401548
900401555
900401565
900401571
900401576
900401805
900401916
900402127
900402216
900403215
900403217
900403310
900403312
900403331
900403332
900403579
900403641
900403671
900403696
900403697
900403708
900404106
900404151
900404333
900404436
900404446
900404607
900404805
900405324
900406015
900406864
900407108
900408106
900408108
900408201
900408401
900408506
900408518
900409213
900409225
900409903
900410235
900410441
900410468
900411031
900411125
900411242
900411257
900411268
900411302
900411431
900411475
900411477
900411478
900411487
900411495
900411496
900411519
900411523
900411525
900411529
900411535
900411550
900411552
900411557
900411559
900411578
900411586
900411587
900411591
900411592
900411607
900411626
900411627
900411633
900411641
900411647
900411672
900411682
900411689
900411697
900411828
900411866
900411868
900411872
900411877
900411887
900411889
900411893
900411919
900411924
900411938
900411942
900411978
900411980
900412166
900412186
900412222
900412236
900412238
900412808
900412811
900412813
900412825
900412828
900412838
900412871
900413101
900413102
900413110
900413136
900413137
900413150
900413152
900413158
900413162
900413173
900413176
900413414
900413418
900413517
900413537
900413544
900413546
900413584
900413590
900413595
900414122
900414222
900414279
900414295
900415168
900415220
900415257
900415317
900415328
900415345
900415357
900415358
900415377
900415381
900415384
900415391
900415397
900415417
900415456
900415520
900415588
900417121
900417328
900417361
900900022
900900087
900900327
900900352
900900366
900900506
900900516
900900521
900900856
900900888
901238933
901248775
901268676
901301308
901380256
901380957
901381372
901401107
901401217
901401219
901401222
901401232
901401236
901401239
901401303
901401417
901401418
901401508
901401522
901401523
901401524
901401525
901401528
901401530
901401535
901401536
901401547
901401549
901401551
901401552
901401557
901401558
901401559
901401577
901401578
901401601
901401605
901401607
901401702
901401802
901401807
901401838
901401905
901401908
901402102
901402118
901402121
901402207
901402228
901403216
901403308
901403318
901403707
901409103
901409907
901410415
901411462
901412833
901413488
90141907
90143330
902000003
902267888
902288278
902401534
902401951
902901187
902901683
902913019
902960598
903100165
903180188
903181358
903400001
903400011
903400020
903400025
905018502
905103356
905116666
905181788
910040527
910060358
910060748
910061605
910100043
910101668
919919990
92431185
924467387
926004262
926040058
926313047
927501109
927501110
927501126
933200022
955800000
998520052
998733092
998877000
999000011
999000012
999863022
999902007
999999910
999999995
