100025137
100601120
100700106
100700154
100700159
100700197
100700216
100700597
100700647
100700806
100701339
100701620
100702081
100702089
100702529
100702538
100702670
100703012
100703087
100703127
100710126
100711268
100711436
100712130
100800973
100994028
101000002
108542154
110300041
110300254
110300262
110300521
110300593
110306858
110700964
110701056
110703120
110703143
110703336
110704229
110706492
110765546
110767890
110767898
110777777
110789999
111002101
111003504
111003506
111004876
111005141
111188889
111199811
111199900
111199993
111199994
111202707
120872088
121000416
123111111
123456123
123654789
126020135
150200373
150200402
150200783
150200893
150200999
150201012
150201031
150201047
150201302
150201389
150201498
150201744
160000149
168162803
190700658
190701024
190701081
190701082
190701084
190701091
190701094
190701095
191283710
200000167
200001042
201200318
201204022
201211248
201211288
203235000
204206750
204212000
204225000
204226000
204284000
204814000
204856000
205161000
205282000
205290000
205327000
205482090
207424000
211104000
211156000
211161000
211175900
211191330
211215500
211216410
211227260
211227510
211234500
211271330
211272400
211272580
211292280
211307720
211312240
211313600
211315540
211315620
211315630
211317720
211319400
211332630
211337920
211339490
211342400
211344000
211390480
211417590
211438440
211477000
211492000
211495000
211501000
211516260
211517810
211518140
211535000
211542610
211544000
211545000
211551000
211587000
211625000
211640000
211648000
211815000
212326254
215000460
215000910
218096000
218162000
218363000
218442000
218773000
219000769
219000907
219001149
219001201
219001549
219001578
219001592
219001673
219001684
219001842
219001872
219001954
219002023
219002051
219002661
219002701
219002726
219002757
219002955
219002956
219003103
219003704
219004242
219004275
219005513
219005647
219005906
219005999
219006005
219006157
219006301
219007333
219007404
219007589
219007596
219007641
219007862
219007944
219008927
219009135
219009907
219010989
219011032
219011274
219011321
219011336
219012276
219012459
219013485
219015502
219015534
219060000
219106000
219237000
219343000
219386000
219418000
219553000
219567000
219595000
219650000
219754000
219762000
219769000
219837000
219838000
219853000
219859000
220032000
220043000
220046000
220051000
220064000
220071000
220073000
220088000
220127000
220128000
220241000
220249000
220278000
220295000
220303000
220315000
220321000
220453000
220461000
220482000
223233231
224000020
224000220
224004680
224004720
224004800
224004870
224005810
224010000
224010590
224011990
224012690
224016230
224017460
224018260
224018440
224018460
224019630
224020340
224020980
224021460
224024480
224025270
224026280
224028250
224033380
224038000
224040260
224041000
224041980
224042440
224044980
224049650
224049960
224050560
224050570
224051180
224051350
224051950
224052000
224052350
224052360
224052380
224052970
224055860
224056190
224058980
224059860
224060680
224061430
224063680
224063940
224064850
224065290
224067000
224067130
224068180
224068830
224069130
224069840
224069850
224070000
224073650
224074890
224075180
224079440
224081130
224081840
224083570
224085260
224086780
224086790
224087790
224089000
224093330
224094500
224099440
224103220
224103760
224104450
224104820
224113260
224113270
224113690
224114650
224126980
224128930
224130870
224134520
224139180
224141970
224145690
224147740
224152340
224157000
224175430
224175960
224176380
224185000
224186000
224192170
224204330
224219960
224222430
224235980
224236000
224246000
224264980
224268000
224272000
224278460
224290000
224291000
224302000
224303000
224307000
224329000
224337890
224378450
224385000
224396000
224460000
224464000
224467000
224492000
224528000
224586560
224610000
224618000
224658000
224690000
224780000
224793000
224875000
224896000
224908000
224917000
224980000
225341000
225360000
225378000
225382000
225384000
225904730
226006690
226084000
226095000
226139000
226147000
226220000
227104400
227107100
227109700
227110400
227113500
227116100
227118600
227127700
227136700
227143600
227144200
227145200
227145800
227300000
227301110
227308000
227310150
227312140
227312180
227314040
227314170
227315440
227316160
227317120
227317960
227317990
227318010
227318110
227318540
227318650
227318690
227319580
227319840
227321140
227322270
227328000
227337000
227338000
227353000
227354000
227378000
227380000
227383000
227385000
227389000
227408000
227412000
227413000
227414000
227439000
227442000
227479000
227512000
227513000
227525000
227532000
227536000
227556000
227562010
227563000
227570000
227575000
227577520
227580250
227584000
227588000
227588520
227593000
227595000
227599000
227604870
227714430
227811000
227812000
227820000
227829000
227834000
227867000
227875000
227883000
227894000
227901000
227914000
227916000
227917000
227926000
227931000
227943000
227957000
227967000
227987000
228003600
228004600
228005600
228018700
228020600
228021600
228021800
228028900
228031700
228101000
228106800
228107000
228108900
228109000
228111000
228113000
228114000
228115000
228117000
228118700
228119000
228120000
228127000
228130000
228131000
228131600
228135000
228138000
228143600
228146600
228149700
228155000
228156900
228157700
228157800
228158000
228158600
228160600
228162800
228165600
228165700
228168600
228168900
228170900
228172000
228173800
228176700
228186000
228189600
228190900
228192800
228193000
228195000
228195800
228198600
228205800
228206600
228207000
228208700
228208800
228211700
228213000
228215700
228216000
228218000
228221000
228221900
228222600
228222900
228223000
228224000
228224800
228226000
228227700
228228800
228229000
228230900
228231600
228231800
228235000
228236000
228236600
228236700
228238700
228238900
228239900
228240000
228240600
228240700
228240900
228242700
228242800
228247000
228253900
228254000
228258000
228259600
228260000
228264000
228267900
228293000
228293900
228297900
228300000
228301000
228301700
228301900
228302900
228306000
228312000
228313000
228315000
228316000
228323000
228324000
228325000
228326000
228332000
228336000
228337000
228337800
228338900
228339000
228349800
228364000
228369000
228374000
228376000
228378000
228380000
228387000
228390000
228393000
228399000
228806000
228810000
228819000
228827000
228834000
228842000
228843000
228850000
228880000
228909000
228917000
228919000
228925000
228945000
228950000
228951000
228954000
228974000
228979000
230002550
230036690
230038640
231014000
231037000
231038000
231042000
231046000
231047000
231051000
231073000
231078000
231081000
231091000
231101000
231105000
231106000
231107000
231110000
231112000
231115000
231129000
231133000
231134000
231149000
231150000
231154000
231156000
231160000
231167000
231180000
231181000
231216000
231266000
231307000
231321000
231343000
231364000
231440000
231605000
231730000
231751000
231833000
232006500
232006590
232006810
232006820
232006830
232006840
232007030
232007140
232007250
232007860
232326000
232352000
233294000
233345000
233397000
233619000
233717000
233973000
234209000
234406000
234511111
235000040
235000340
235000407
235000489
235000952
235003080
235003355
235004110
235004230
235004750
235005130
235005980
235006880
235007300
235008329
235008741
235011218
235017834
235028768
235040121
235055176
235059379
235063397
235064621
235065442
235065495
235067469
235068242
235073457
235077000
235087406
235089129
235826000
237004000
237144000
237151000
237190000
237208000
237216000
237222000
237286000
237294000
237308000
237390000
237396000
237399000
237464000
237478000
237484000
237487000
237509000
237517000
237613000
237659000
237880000
237911000
238778540
240019000
240096000
240120000
240229000
240242000
240324000
240338000
240440000
241063000
241065000
242045000
242135100
24254001
242889000
242925000
242926000
242974000
244013000
244030922
244050849
244070927
244078096
244090965
244119000
244152000
244185000
244286000
244307000
244407000
244426000
244467000
244540000
244605000
244609000
244615597
244633000
244646000
244650000
244650685
244650714
244704000
244710192
244730084
244730183
244740833
244740834
244770191
244770343
244779000
244810000
245074000
245146000
245201000
245234000
245305000
245308000
245328000
245445000
245454000
245470000
245553000
245753000
245928000
245946000
246033000
246228000
246348000
246427000
246557000
246570000
246635000
246742000
246790000
247000640
247050520
247051680
247064760
247065610
247067610
247080480
247081940
247081980
247082320
247083380
247083410
247083420
247083530
247083560
247083890
247084310
247085830
247100040
247100350
247100470
247100510
247100520
247100630
247100960
247101140
247101330
247102240
247110060
247110330
247113290
247120240
247120390
247120430
247120560
247120950
247121020
247121260
247121440
247121920
247122140
247122220
247131580
247131800
247132860
247141730
247142450
247142730
247142820
247142880
247142940
247143370
247143580
247144390
247145370
247145910
247146010
247146020
247146420
247146640
247146760
247146830
247147010
247147160
247147180
247147310
247147380
247148220
247149010
247149810
247149980
247150040
247151010
247151070
247151150
247151160
247151280
247151690
247152010
247152020
247152080
247158700
247185500
247252970
247253540
247280590
247300290
247300340
247304380
247308090
247308420
248000810
249000090
250000097
250000283
250000309
250000507
250000565
250000864
250000868
250000917
250000957
250000967
250001093
250001143
250001151
250001205
250001491
250001676
250001702
250001718
250001885
250001999
250002264
250002424
250002435
250090000
250101900
250102800
250103800
250105800
250106400
250106580
250108470
250115460
250116400
250118400
250137450
250142400
250184000
250196000
250261000
250292000
250369000
250370000
250428000
250429000
250451000
250477000
251011000
251013000
251014000
251015000
251018000
251021110
251026000
251027110
251029000
251030110
251032110
251035000
251036110
251037110
251038000
251039110
251040000
251043110
251044110
251046110
251047110
251048110
251050110
251053110
251055000
251056110
251057000
251062110
251064110
251065110
251066110
251068110
251070110
251079000
251080110
251081110
251082000
251083110
251084110
251086000
251088110
251097000
251102000
251121110
251123000
251125000
251126110
251135110
251136110
251138740
251140110
251141110
251145110
251149110
251151000
251152110
251153000
251155000
251156000
251159110
251162110
251163110
251164000
251166110
251167110
251174000
251175000
251177110
251178110
251179000
251180110
251182110
251184640
251184840
251194110
251196000
251197110
251203000
251212110
251215110
251216110
251218240
251219110
251220110
251221000
251224110
251226000
251227000
251228000
251233110
251236000
251242110
251244110
251247110
251248110
251250110
251251110
251253110
251254000
251255110
251257110
251259110
251265110
251267110
251269000
251276110
251278110
251283110
251284110
251286110
251287110
251290110
251294110
251298110
251301110
251307110
251309000
251310110
251314110
251318000
251319110
251321110
251323110
251324110
251330110
251331110
251335110
251338110
251339110
251341110
251344000
251347110
251350110
251360110
251361110
251364110
251367110
251368110
251370110
251376110
251386110
251392000
251394000
251401000
251405110
251408110
251412440
251419110
251422110
251423000
251425110
251427000
251428000
251429110
251433000
251438110
251439000
251447110
251451000
251452000
251453000
251458000
251464000
251467110
251468000
251480110
251482000
251486110
251494110
251495110
251504110
251517000
251526000
251529000
251530000
251532000
251533110
251536000
251538110
251538540
251539110
251540110
251544000
251546000
251552340
251556110
251557240
251558110
251563110
251587110
251591110
251596110
251598110
251600110
251602110
251603110
251723110
251734110
251744110
251745000
251755110
251756000
251757110
251760110
251761110
251772110
251779110
251783110
251784110
251786110
251789110
251793240
251801110
251803110
251804110
251809110
251836240
251836340
251841270
251842670
251844440
255402650
255501000
256000552
256384000
257000210
257000910
257003740
257004040
257004210
257004640
257004910
257009000
257012900
257014900
257017240
257018000
257018040
257025440
257030540
257030600
257034440
257034640
257034840
257034940
257035940
257044840
257045140
257053240
257056040
257056600
257057440
257066540
257067040
257068740
257069540
257071340
257071440
257071540
257074640
257076840
257077240
257079000
257084040
257084940
257086940
257087040
257089000
257089640
257089740
257090340
257095540
257095640
257098140
257099140
257101030
257102940
257103140
257104240
257105640
257107740
257110120
257110720
257113640
257116000
257116740
257118500
257124520
257125600
257125720
257128000
257128920
257129520
257131800
257135500
257139120
257140240
257143720
257145220
257147920
257150140
257150720
257152520
257152940
257153220
257154220
257155000
257155500
257158920
257160320
257161040
257163500
257164340
257164640
257164700
257165320
257165340
257166000
257166400
257167320
257169320
257172740
257180000
257180700
257181020
257183500
257184340
257185420
257190140
257190720
257191000
257191020
257193500
257198000
257198340
257198440
257200220
257214000
257215000
257222620
257225020
257229000
257234000
257235600
257237800
257247000
257250000
257254920
257258000
257260020
257263000
257264000
257269420
257282700
257284000
257284600
257285000
257301040
257302140
257302620
257302720
257303000
257303240
257308740
257311140
257311940
257312540
257312740
257313240
257325720
257349500
257357120
257384000
257394000
257396920
257415920
257416000
257416420
257422420
257423000
257427920
257429720
257432500
257435500
257436500
257436720
257441500
257445500
257446500
257454000
257454420
257458720
257459500
257463500
257465500
257475120
257476500
257483220
257483500
257485600
257488500
257489500
257496020
257497500
257501500
257507500
257508600
257511600
257522600
257523500
257529000
257529600
257530500
257531600
257537000
257543500
257548600
257552600
257555500
257559600
257560600
257563500
257563600
257564600
257565600
257566600
257567500
257567600
257570500
257571600
257574600
257576600
257577500
257578600
257580500
257580600
257582600
257583600
257584600
257586600
257587500
257587600
257589500
257589600
257592500
257593600
257594600
257599500
257599600
257605500
257611509
257613500
257618500
257647500
257649500
257654500
257660500
257705500
257714500
257737500
257739500
257741500
257748500
257750500
257754500
257757500
257779500
257783500
257801500
257802500
257809500
257815000
257825500
257842500
257850500
257855500
257862500
257863500
257871500
257882500
257888000
257888500
257895500
257898500
257913000
257939500
257946000
257964500
257986500
258015500
258030000
258035000
258036000
258054000
258057000
258071000
258081000
258084000
258095000
258098000
258120000
258121000
258138000
258139000
258154000
258158000
258183000
258185000
258186000
258194000
258216000
258224000
258238000
258261000
258262000
258265000
258284000
258290000
258303000
258306000
258308000
258319000
258322000
258324000
258330000
258334000
258351000
258353000
258354000
258368000
258376000
258380500
258412000
258449000
258462000
258470000
258483000
258497000
258498000
258503000
258515000
258516910
258518000
25852310
258524000
258526000
258526810
258541000
258542000
258545000
258547000
258553000
258559000
258563000
258590000
258596000
259023000
259092000
259102000
259103000
259107000
259113000
259115000
259118000
259122000
259127000
259130000
259132000
259136720
259154000
259158000
259178000
259195000
259200090
259203000
259207000
259208000
259209000
259211000
259225000
259241000
259242000
259244000
259245000
259256000
259258000
259263000
259268000
259269000
259272000
259281000
259282000
259284000
259285000
259290000
259293820
259308000
259309000
259311000
259324000
259335000
259352000
259365000
259374000
259378000
259383000
259390000
259391000
259407000
259428000
259432000
259434000
259438000
259441000
259447000
259450000
259454000
259461000
259465000
259467000
259470000
259475000
259476000
259478000
259485000
259489000
259501000
259503000
259508000
259511000
259516000
259519000
259521000
259525000
259526000
259536000
259537000
259540000
259554000
259558000
259563000
259565000
259566000
259574000
259586000
259590000
259595000
259597000
259602000
259607000
259608000
259609000
259612000
259616000
259617000
259619000
259623000
259624000
259627000
259635000
259637000
259640000
259647000
259648000
259655000
259657000
259660000
259661000
259666000
259675000
259682000
259683000
259689000
259691000
259697000
259713000
259822000
259845000
259855000
259893000
259937000
259963000
259995000
261000630
261000720
261000970
261001030
261001180
261001880
261002530
261003190
261003310
261003530
261003620
261003970
261004050
261004340
261004380
261004390
261004780
261004830
261005180
261005270
261006090
261006110
261006910
261007860
261014220
26103770
261061000
261469000
261488000
263271000
263408380
263414640
263418780
263427750
263512000
263565000
263569000
263576000
263577600
263582000
263584000
263822000
265457000
265462000
265483000
265485000
265585780
265588050
265588470
265606270
265612240
265629560
265645310
265670930
265681420
265705000
265756000
265759000
265766000
265768000
265791000
265824000
266046000
266069000
266112000
266246000
266251000
266305000
266320000
266322000
266347000
266360000
266666000
271002459
271056056
271056072
271062000
271062002
271062055
271062073
271062080
271062083
271062085
271062098
271062099
271062105
271062106
271062111
271062136
271069013
271069042
271072094
271072237
271072279
271072285
271072328
271072378
271072422
271072427
271072436
271072444
271072504
271072560
271072654
271072711
271072970
271073853
271628000
272007500
272178000
272179000
272180000
272204000
272323000
272329000
272364000
272440000
272645000
273210800
273211500
273211900
273212100
273213500
273214110
273216110
273216200
273240030
273240900
273241100
273242100
273246800
273248500
273290500
273290700
273294100
273294400
273296500
273297500
273298000
273298100
273298600
273299600
273310460
273311280
273312270
273312460
273319630
273332330
273332830
273339120
273341320
273345620
273345710
273347730
273350850
273351040
273351500
273351740
273353630
273355560
273356740
273357560
273359030
273359400
273359510
273410310
273410500
273415090
273415200
273417010
273417040
273420560
273420800
273421300
273421500
273421520
273421600
273421900
273424070
273424300
273424870
273425330
273425450
273425630
273430750
273431010
273431300
273431440
273431690
273432500
273434640
273435250
273435580
273436830
273438500
273439560
273439980
273440730
273441490
273444180
273444310
273445180
273445430
273447930
273448240
273449170
273450760
273452330
273454040
273455340
273456310
273457250
273457300
273457700
273458200
273513700
273516500
273516600
273521100
273522500
273523100
273523300
273524100
273529300
273529900
273533300
273533800
273539800
273550400
273551400
273552400
273556300
273559200
273561700
273563210
273565500
273568800
273619100
273810300
273810610
273810710
273810800
273811210
273811710
273812400
273815900
273815910
273817070
273819510
273825000
273825010
273825210
273825700
273826010
273826220
273827010
273827030
273827320
273827800
273828010
273828110
273828310
273828800
273829010
273829110
273829310
273830200
273840320
273840400
273841800
273842400
273842800
273843600
273844800
273845620
273846300
273847200
273847300
273847500
273848120
273848600
273848610
273848700
273849210
273849700
273856100
273873400
273891300
273891710
273893200
273894510
273896810
273897100
273897300
273898100
273898600
273899200
273899300
273899500
275085000
275124000
275155000
275191000
275196504
276782000
277468000
303346000
303419000
303426100
303462000
303533000
303647000
303667000
303674000
303686000
303967000
303979000
303999000
305925000
3060
312189000
312191000
312216000
312341000
312488000
312498000
312506000
312509000
312616000
312622000
312640000
312699000
312891000
312912000
312940000
316001017
316001025
316001401
316001451
316001453
316001454
316001759
316001828
316001870
316002350
316002500
316002518
316002917
316002919
316002956
316003110
316003447
316003449
316003514
316003703
316004191
316004981
316005100
316005667
316005668
316005669
316005771
316006724
316007244
316007950
316009383
316011910
316013198
316018751
316021225
316023119
316067000
316100000
316269000
316303000
316319000
32126816
323102000
323103000
325165000
325277000
330043027
331000149
331072000
331074000
331093000
331117000
331142000
331168000
331184000
331208000
331209000
331273000
331325000
332251445
333300744
333301417
333301511
333301518
333303215
333304258
333304588
333304599
333305588
333305753
333305807
333305809
333331458
333333283
333377777
333385756
333388888
333392192
336430000
336431000
338060001
338066383
338069255
338070551
338078447
338079516
338110345
338124562
338127224
338129308
338132722
338162000
338386000
338526000
341060000
341149000
341177000
342578970
345070272
347002400
351347000
361000100
366083819
366116000
366118480
366164050
366173000
366183000
366207630
366208000
366211560
366218620
366222630
366230550
366231180
366245060
366384000
366401480
366433000
366444090
366526010
366646910
366721880
366728420
366731480
366734650
366736140
366738920
366743980
366762440
366764080
366773410
366804620
366819310
366824000
366841470
366866750
366867690
366886330
366888160
366888690
366899490
366900170
366901780
366908640
366916740
366926550
366927000
366929780
366936280
366940480
366946000
366946980
366950060
366950140
366954510
366969250
366969620
366971230
366972290
366980160
366980490
366988820
366991520
366993790
366997450
366998350
366999422
367004570
367008130
367010360
367011410
367011440
367016590
367019320
367019330
367022190
367024080
367026930
367028490
367028780
367030568
367033060
367033950
367038430
367041530
367044890
367054010
367058903
367061930
367065470
367078130
367079220
367083630
367083650
367084860
367085280
367085340
367085680
367088940
367092390
367093360
367094420
367098030
367098190
367098380
367107030
367108640
367109860
367114980
367116310
367119230
367124070
367124290
367125630
367127080
367127120
367131260
367137170
367139360
367142080
367143550
367143710
367149760
367151530
367157930
367161000
367162190
367165250
367166240
367166250
367166260
367166270
367166280
367170350
367171480
367172260
367176240
367177980
367181980
367182670
367185190
367186180
367187410
367187830
367189280
367191080
367192880
367299090
367299170
367301830
367302760
367308320
367310440
367312010
367316130
367319530
367320870
367321210
367324570
367326000
367326360
367328720
367330860
367338620
367338850
367344810
367347000
367348240
367353460
367354000
367359170
367359220
367363350
367371890
367375620
367380860
367382540
367392530
367394090
367395250
367397090
367397890
367399910
367402920
367406910
367408050
367408210
367410620
367411770
367412830
367415880
367416270
367429740
367432750
367435470
367444760
367445050
367445510
367448380
367452850
367453000
367463190
367472410
367479000
367484250
367486040
367487020
367488250
367488280
367489990
367490280
367492890
367494020
367494810
367494840
367497340
367497620
367498790
367506050
367509670
367512610
367514650
367514670
367518250
367521510
367522830
367530460
367530940
367538000
367544000
367556140
367581000
367589000
367601000
367662000
367717000
368038000
368206000
368213000
368251000
368272000
368293000
368313000
368339000
368454000
368466000
368526000
368560000
368566000
368583000
368608000
368610000
368633000
368698000
369174000
369515000
369546000
369604000
369970417
369999000
375714000
376109008
376603000
377191000
400000012
400000909
400002399
400004526
400010029
400205406
400349043
400460778
402012319
403715310
409010112
410000002
410000188
410000588
410000688
410000788
410000888
410001101
410005558
410013018
410201111
410986986
411128888
411155999
411229789
411235638
412
412000028
412000066
412000072
412000088
412000099
412000109
412000218
412000239
412000306
412000661
412000662
412000763
412000788
412000819
412000827
412000887
412000920
412001071
412001073
412001152
412001154
412001157
412001207
412001289
41200138
412001436
412001503
41200155
412001572
412001577
412001663
412001707
412001888
412001889
412001920
412001978
412002188
412002317
412002341
412002348
412002439
412002777
412002828
412002881
412003081
412003181
412003182
412003275
412003298
412003327
412003380
412003888
412004128
412004152
412004226
412004246
412004569
412004644
412004696
412005006
412005089
412005123
412005236
412005678
412005745
412005819
412006052
412006402
412006410
412006668
412006735
412008002
412008024
412008078
412008083
412008092
412008129
412008135
412008286
412008315
412009741
412009999
412010052
412010095
412010377
412010386
412010732
412010868
412011335
412012877
412014464
412015066
412015451
412017056
412017182
412017450
412019343
412019410
412023588
412025012
412025317
412025322
412025325
412025707
412025708
412027012
412028238
412031250
412033161
412035331
412035376
412035603
412040836
412041721
412041790
412051340
412054398
412055008
412055078
412055089
412055092
412055093
412055098
412055322
412059691
412060427
412060436
412061595
412061659
412061963
412065866
412068028
412071037
412071805
412075058
412075238
412080211
412080817
412082102
412082345
412088168
412089768
412098888
412099099
412101502
412103177
412110172
412110346
412110372
412110383
412111098
412111187
412111223
412120301
412120419
412123249
412136150
412138139
412139999
412144522
412152292
412188188
412200023
412200156
412200162
412200347
412200378
412200379
412200427
412200447
412200477
412200478
412200479
412200481
412200493
412200499
412200507
412200526
412200527
412200531
412200533
412200535
412200547
412200548
412200551
412200555
412200598
412200641
412200642
412200699
412200702
412200706
412200732
412200768
412200867
412200897
412201003
412201016
412201033
412201091
412201095
412201096
412201099
412201105
412201121
412201131
412201136
412201139
412201142
412201143
412201176
412201187
412201233
412201249
412201303
412201357
412201382
412201426
412201437
412201453
412201469
412201519
412201521
412201538
412201542
412201581
412201741
412201749
412201751
412201752
412201755
412201756
412201757
412201758
412201759
412201772
412202188
412202231
412202243
412202245
412202462
412202567
412202573
412202655
412202656
412202698
412202706
412202707
412202739
412202763
412202765
412202766
412202767
412202771
412202772
412202777
412202778
412202785
412202817
412202838
412202886
412202891
412202939
412202943
412202953
412202958
412202966
412202967
412202995
412203048
412203052
412203086
412203088
412203158
412203165
412203167
412203169
412203188
412203195
412203198
412203215
412203301
412203322
412203323
412203331
412203335
412203345
412203346
412203347
412203348
412203349
412203395
412203530
412203691
412203831
412203895
412203901
412203928
412203929
412203943
412204068
412204092
412204127
412204139
412204667
412204742
412204801
412205002
412205018
412205026
412205045
412205049
412205055
412205056
412205057
412205073
412205087
412205106
412205108
412205117
412205119
412205125
412205126
412205127
412205131
412205136
412205137
412205146
412205152
412205156
412205161
412205163
412205186
412205197
412205209
412205248
412205333
412205339
412205343
412205359
412205368
412205369
412205371
412205377
412205385
412205402
412205403
412205407
412205408
412205409
412205411
412205413
412205417
412205419
412205421
412205422
412205423
412205425
412205427
412205431
412205432
412205433
412205435
412205436
412205438
412205439
412205443
412205445
412205453
412205455
412205456
412205457
412205461
412205468
412205472
412205473
412205475
412205477
412205482
412205487
412205493
412205496
412205499
412205509
412205512
412205513
412205515
412205518
412205519
412205521
412205525
412205528
412205531
412205537
412205541
412205542
412205543
412205552
412205553
412205556
412205557
412205558
412205562
412205563
412205565
412205566
412205569
412205571
412205572
412205573
412205575
412205577
412205579
412205581
412205586
412205588
412205589
412205591
412205599
412205601
412205602
412205603
412205608
412205609
412205612
412205613
412205615
412205616
412205617
412205618
412205621
412205622
412205623
412205649
412205675
412205676
412205693
412205695
412205733
412205741
412205839
412205867
412205868
412206010
412206262
412206509
412206817
412206818
412206877
412206878
412206911
412206912
412206937
412206943
412207006
412207023
412207041
412207047
412207122
412207148
412207686
412209065
412210055
412210056
412210099
412210101
412210106
412210132
412210372
412210385
412210387
412210426
412210465
412210555
412210577
412210583
412210624
412210629
412210649
412210744
412210868
412210899
412211085
412211086
412211087
412211088
412211109
412211134
412211135
412211152
412211153
412211164
412211187
412211191
412211204
412211213
412211214
412211235
412211241
412211242
412211263
412211264
412211266
412211305
412211318
412211321
412211327
412211365
412211382
412211383
412211461
412211462
412211587
412211588
412211601
412211605
412211608
412211609
412211613
412211615
412211618
412211622
412211623
412211626
412211628
412211629
412211631
412211632
412211633
412211635
412211637
412211639
412211641
412211651
412211652
412211656
412211657
412211658
412211661
412211662
412211663
412211665
412211668
412211669
412211672
412211673
412211675
412211676
412211677
412211678
412211679
412211681
412211682
412211683
412211685
412211688
412211689
412211692
412211693
412211695
412211696
412211697
412211699
412211701
412211705
412211706
412211707
412211713
412211716
412211726
412211727
412211728
412211729
412211731
412211732
412211735
412211736
412211813
412211818
412212526
412212531
412212601
412212839
412213174
412213517
412213531
412213608
412213679
412215051
412216525
412217999
412218111
412225288
412234089
412234113
412234555
412234566
412236884
412247667
412251006
412251025
412251046
412251049
412260802
412260857
412260876
412260883
412260928
412260945
412260957
412270073
412270074
412270077
412270092
412270093
412270097
412281618
412281638
412285686
412286888
412300244
412300271
412300273
412300274
412300277
412300286
412300313
412300338
412300353
412300358
412300828
412300833
412300902
412301313
412301353
412301893
412303508
412310771
412310773
412310776
412311113
412311114
412311212
412320010
412320025
412320047
412320058
412320098
412320147
412320148
412320179
412320186
412320262
412320264
412320289
412320298
412320309
412320404
412320468
412320472
412320515
412320526
412320603
412320623
412320626
412320666
412320738
412320742
412320824
412320848
412320892
412320903
412320957
412320976
412321007
412321034
412321098
412321132
412321156
412321159
412321161
412321177
412321178
412321185
412321211
412321212
412321222
412321229
412321231
412321307
412321317
412321318
412321329
412321344
412321345
412321359
412321365
412321366
412321386
412321435
412321459
412321479
412321483
412321495
412321502
412321504
412321523
412321533
412321536
412321538
412321539
412321571
412321623
412321642
412321643
412321649
412321677
412321698
412321734
412321746
412321751
412321769
412321795
412321807
412321841
412321845
412321903
412321906
412321908
412321909
412321911
412321912
412321913
412321946
412321991
412322003
412322019
412322168
412322355
412322356
412322392
412322393
412322397
412322415
412322427
412322458
412322462
412322476
412322485
412322487
412322488
412322492
412322499
412322501
412322506
412322588
412322752
412322787
412322804
412322811
412322823
412322826
412322828
412322848
412322858
412322959
412322984
412322989
412322995
412322997
412322999
412323001
412323004
412323007
412323015
412323018
412323019
412323025
412323031
412323035
412323039
412323041
412323043
412323044
412323046
412323052
412323053
412323056
412323057
412323058
412323059
412323061
412323063
412323065
412323066
412323067
412323072
412323074
412323076
412323079
412323082
412323087
412323088
412323102
412323111
412323113
412323117
412323118
412323119
412323123
412323124
412323125
412323126
412323128
412323131
412323134
412323135
412323136
412323137
412323138
412323141
412323144
412323145
412323146
412323151
412323152
412323153
412323154
412323155
412323156
412323157
412323158
412323159
412323161
412323166
412323167
412323168
412323169
412323175
412323176
412323177
412323181
412323186
412323193
412323194
412323207
412323214
412323296
412323298
412323301
412323304
412323305
412323309
412323311
412323502
412323503
412323511
412323513
412323514
412323516
412323519
412323523
412323524
412323527
412323529
412323531
412323532
412323533
412323536
412323539
412323544
412323545
412323547
412323549
412323551
412323553
412323555
412323556
412323557
412323559
412323561
412323563
412323564
412323566
412323569
412323572
412323573
412323577
412323578
412323579
412323582
412323585
412323587
412323588
412323592
412323594
412323601
412323609
412323611
412323612
412323615
412323617
412323618
412323623
412323624
412323625
412323628
412323629
412323631
412323633
412323634
412323635
412323638
412323641
412323642
412323643
412323645
412323646
412323653
412323655
412323656
412323657
412323659
412323661
412323664
412323665
412323672
412323673
412323674
412323675
412323681
412323682
412323683
412323685
412323688
412323689
412323692
412323694
412323695
412323696
412323698
412323703
412323704
412323709
412323713
412323716
412323717
412323719
412323723
412323724
412323725
412323726
412323731
412323733
412323734
412323736
412323739
412323741
412323742
412323745
412323747
412323751
412323752
412323756
412323757
412323763
412323764
412323771
412323773
412323774
412323775
412323776
412323777
412323779
412323784
412323787
412323791
412323792
412323793
412323798
412323803
412323808
412323813
412323814
412323818
412323823
412323828
412323835
412323837
412323838
412323849
412323867
412323873
412323879
412323949
412323963
412323965
412323971
412323977
412323983
412323984
412323985
412323986
412323988
412323989
412323993
412323994
412323995
412323996
412323997
412324003
412324004
412324005
412324008
412324009
412324016
412324018
412324021
412324023
412324029
412324032
412324033
412324034
412324035
412324037
412324038
412324039
412324041
412324043
412324044
412324047
412324048
412324049
412324051
412324052
412324053
412324054
412324056
412324057
412324061
412324063
412324067
412324073
412324076
412324077
412324078
412324079
412324081
412324082
412324083
412324084
412324086
412324089
412324092
412324093
412324094
412324095
412324096
412324097
412324098
412324104
412324105
412324107
412324109
412324112
412324115
412324119
412324121
412324122
412324125
412324126
412324127
412324128
412324131
412324132
412324133
412324134
412324135
412324136
412324138
412324139
412324144
412324148
412324149
412324152
412324153
412324154
412324155
412324156
412324158
412324159
412324161
412324162
412324163
412324164
412324166
412324167
412324168
412324169
412324171
412324172
412324173
412324175
412324177
412324178
412324179
412324181
412324182
412324183
412324185
412324186
412324187
412324188
412324189
412324191
412324192
412324194
412324195
412324196
412324197
412324198
412324199
412324201
412324202
412324203
412324204
412324206
412324207
412324208
412324209
412324211
412324212
412324213
412324216
412324217
412324218
412324219
412324221
412324222
412324223
412324224
412324226
412324228
412324229
412324274
412324292
412324293
412324356
412324381
412324387
412324462
412324467
412324482
412324484
412324502
412324579
412324609
412324611
412324614
412324615
412324616
412324618
412324623
412324624
412324625
412324626
412324627
412324628
412324629
412324631
412324634
412324643
412324645
412324646
412324649
412324652
412324654
412324655
412324656
412324657
412324658
412324659
412324661
412324662
412324663
412324664
412324674
412324678
412324684
412324687
412324688
412324689
412324693
412324696
412324697
412324698
412324701
412324703
412324704
412324705
412324707
412324708
412324711
412324712
412324715
412324716
412324717
412324721
412324724
412324728
412324729
412324735
412324737
412324738
412324743
412324769
412324825
412324838
412324839
412324853
412324854
412324855
412324859
412324870
412324875
412324886
412324887
412324915
412324916
412324923
412324938
412324956
412324961
412324963
412324973
412324977
412324984
412324985
412325008
412325009
412325013
412325014
412325022
412325024
412325025
412325029
412325052
412325064
412325065
412325066
412325075
412325076
412325082
412325105
412325106
412325124
412325125
412325149
412325151
412325165
412325166
412325171
412325175
412325176
412325177
412325178
412325179
412325187
412325189
412325192
412325198
412325199
412325208
412325211
412325212
412325213
412325237
412325239
412325242
412325245
412325246
412325272
412325278
412325284
412325298
412325299
412325302
412325317
412325345
412325351
412325358
412325362
412325364
412325365
412325391
412325397
412325399
412325403
412325404
412325417
412325426
412325431
412325439
412325443
412325451
412325452
412325453
412325454
412325456
412325461
412325464
412325465
412325467
412325471
412325473
412325474
412325475
412325477
412325481
412325483
412325486
412325487
412325488
412325494
412325496
412325497
412325498
412325499
412325501
412325502
412325503
412325504
412325509
412325512
412325515
412325518
412325519
412325521
412325523
412325525
412325528
412325529
412325533
412325534
412325535
412325537
412325538
412325544
412325549
412325555
412325556
412325561
412325572
412325586
412325587
412325589
412325591
412325592
412325604
412325609
412325613
412325615
412325622
412325624
412325639
412325641
412325642
412325643
412325646
412325648
412325654
412325659
412325663
412325664
412325665
412325667
412325669
412325676
412325677
412325681
412325682
412325683
412325684
412325685
412325686
412325687
412325693
412325694
412325698
412325701
412325702
412325703
412325705
412325714
412325718
412325723
412325724
412325726
412325727
412325732
412325734
412325742
412325745
412325746
412325747
412325748
412325751
412325752
412325754
412325755
412325761
412325762
412325763
412325765
412325768
412325769
412325772
412325774
412325775
412325776
412325777
412325788
412325789
412325797
412325805
412325807
412325811
412325812
412325815
412325817
412325818
412325822
412325824
412325833
412325835
412325836
412325837
412325841
412325842
412325854
412325855
412325858
412325859
412325861
412325862
412325868
412325871
412325876
412325877
412325878
412325882
412325884
412325891
412325892
412325893
412325898
412325899
412325901
412325903
412325908
412325922
412325926
412325932
412325933
412325943
412325957
412325958
412325959
412325965
412325966
412325968
412325971
412325972
412325976
412325977
412325981
412325982
412325984
412325987
412325988
412325989
412325996
412325998
412326008
412326009
412326011
412326012
412326013
412326017
412326018
412326019
412326021
412326024
412326026
412326029
412326032
412326033
412326034
412326036
412326039
412326049
412326056
412326064
412326074
412326099
412326107
412326117
412326119
412326124
412326129
412326133
412326137
412326138
412326149
412326151
412326153
412326163
412326168
412326179
412326184
412326196
412326206
412326208
412326252
412326267
412326272
412326273
412326277
412326278
412326282
412326299
412326306
412326316
412326324
412326325
412326327
412326328
412326329
412326331
412326333
412326334
412326335
412326338
412326341
412326357
412326358
412326364
412326366
412326367
412326377
412326384
412326385
412326395
412326402
412326406
412326438
412326441
412326448
412326456
412326484
412326485
412326486
412326494
412326511
412326519
412326522
412326527
412326542
412326543
412326547
412326571
412326574
412326577
412326595
412326597
412326598
412326599
412326601
412326602
412326612
412326639
412326649
412326688
412326692
412326697
412326698
412326699
412326703
412326704
412326706
412326753
412326761
412326872
412326879
412326883
412327071
412327077
412327144
412327161
412327197
412327242
412327259
412327274
412327313
412327319
412327332
412327333
412327344
412327353
412327354
412327356
412327358
412327359
412327361
412327362
412327363
412327364
412327366
412327368
412327371
412327372
412327373
412327374
412327376
412327377
412327378
412327381
412327382
412327383
412327384
412327385
412327386
412327387
412327388
412327389
412327392
412327393
412327394
412327397
412327398
412327399
412327401
412327402
412327403
412327404
412327405
412327406
412327407
412327408
412327409
412327411
412327412
412327413
412327414
412327415
412327416
412327417
412327418
412327419
412327421
412327422
412327423
412327425
412327445
412327446
412327447
412327449
412327457
412327458
412327459
412327461
412327462
412327472
412327473
412327474
412327481
412327482
412327483
412327488
412327491
412327493
412327494
412327496
412327497
412327498
412327501
412327507
412327514
412327515
412327516
412327518
412327519
412327521
412327522
412327525
412327526
412327527
412327528
412327533
412327534
412327552
412327554
412327555
412327556
412327565
412327584
412327587
412327611
412327616
412327617
412327618
412327619
412327625
412327626
412327627
412327632
412327633
412327636
412327638
412327645
412327647
412327648
412327649
412327651
412327658
412327659
412327666
412327667
412327668
412327669
412327673
412327687
412327688
412327689
412327693
412327698
412327707
412327708
412327709
412327711
412327716
412327722
412327728
412327742
412327744
412327786
412327795
412327796
412327799
412327801
412327802
412327803
412327811
412327812
412327815
412327816
412327820
412327830
412327869
412327871
412327879
412327881
412327971
412327972
412327984
412327989
412327993
412327999
412328005
412328008
412328009
412328011
412328012
412328019
412328026
412328027
412328032
412328034
412328038
412328047
412328054
412328091
412328094
412328152
412328192
412328197
412328206
412328207
412328212
412328213
412328216
412328229
412328231
412328245
412328246
412328247
412328251
412328254
412328256
412328257
412328265
412328266
412328269
412328272
412328273
412328274
412328275
412328277
412328278
412328281
412328283
412328475
412328507
412328511
412328516
412328522
412328588
412328591
412328592
412328605
412328629
412328635
412328786
412328794
412328838
412328866
412329270
412330250
412333344
412333555
412333656
412333898
412345666
412348413
412348414
412348837
412348857
412348865
412348883
412348888
412348892
412348936
412348964
412348965
412348974
412348979
412348984
412348985
412348999
412349003
412349021
412349041
412349046
412349063
412349072
412349074
412349081
412349094
412349096
412349102
412349108
412349113
412349127
412349129
412349131
412349147
412349149
412349163
412349316
412349317
412349318
412349322
412349323
412349325
412349326
412349327
412349329
412349331
412349332
412349333
412349334
412349338
412349339
412349341
412349344
412349345
412349365
412349366
412349367
412349368
412349369
412349371
412349376
412349377
412349378
412349379
412349395
412349398
412349401
412349402
412349411
412349415
412349419
412349425
412349427
412349434
412349444
412349447
412349465
412349467
412349472
412349478
412349479
412349484
412349485
412349487
412349491
412349497
412349504
412349505
412349506
412349519
412349521
412349522
412349523
412349525
412349561
412349567
412349571
412349585
412349612
412349613
412349631
412349632
412349634
412349635
412349636
412349639
412349641
412349643
412349653
412349663
412349673
412349675
412349676
412349681
412349701
412349712
412349732
412349733
412349736
412349744
412349778
412349779
412349780
412349781
412349782
412349784
412349787
412349791
412349792
412349806
412349811
412349836
412349838
412349839
412349843
412349902
412349904
412349918
412349931
412349987
412349988
412350049
412350051
412351095
412352837
412352887
412352917
412352925
412352937
412352961
412352967
412352971
412353002
412353151
412353215
412353258
412356555
412358911
412360217
412364121
412364207
412364264
412364428
412364578
412364651
412364667
412364756
412365027
412365035
412365076
412365086
412365116
412365136
412365137
412365204
412365227
412365316
412365425
412365504
412365561
412367251
412368456
412369034
412369057
412369071
412369091
412369104
412369132
412369179
412369185
412370148
412370168
412370169
412370173
412370177
412370179
412370184
412370185
412370186
412370192
412370241
412370578
412370620
412370701
412370999
412371022
412371031
412371033
412371034
412379270
412380128
412387001
412387011
412400010
412400018
412400154
412400155
412401010
412408888
412410003
412410008
412410015
412410036
412410127
412410191
412410192
412410201
412410203
412410255
412410428
412410483
412410609
412410651
412410728
412410747
412410823
412410834
412411005
412411008
412411013
412411015
412411017
412411018
412411019
412411025
412411037
412411047
412411057
412411063
412411136
412411142
412411143
412411146
412411153
412411213
412411216
412411234
412411235
412411239
412411241
412411245
412411266
412411292
412411523
412411542
412411543
412411657
412411658
412411723
412411743
412411755
412411757
412411788
412412026
412412028
412412038
412412057
412412096
412412115
412412142
412412179
412412347
412412357
412412358
412412391
412412392
412412399
412412459
412412462
412412563
412412619
412412653
412412657
412412676
412412686
412412699
412412701
412412712
412412715
412412716
412412722
412412725
412412726
412412727
412412742
412412755
412412763
412412765
412412766
412412776
412412795
412412812
412412975
412412985
412413001
412413006
412413011
412413016
412413025
412413037
412413038
412413042
412413049
412413054
412413057
412413061
412413062
412413063
412413065
412413072
412413077
412413081
412413082
412413109
412413112
412413133
412413138
412413139
412413143
412413144
412413152
412413155
412413162
412413164
412413175
412413177
412413199
412413211
412413213
412413215
412413245
412413248
412413255
412413257
412413262
412413263
412413264
412413265
412413266
412413274
412413276
412413278
412413279
412413281
412413285
412413294
412413311
412413315
412413353
412413359
412413363
412413378
412413385
412413386
412413389
412413394
412413409
412413474
412413546
412413595
412413602
412413628
412413633
412413661
412413663
412413677
412413704
412413724
412413736
412413793
412413803
412413826
412413842
412413843
412413844
412413863
412413907
412413908
412414579
412414627
412414653
412414654
412414656
412414678
412415064
412415121
412415298
412415305
412415313
412415339
412415342
412415351
412415355
412415358
412415367
412415369
412415373
412415374
412415377
412415385
412415554
412415726
412415908
412415952
412416157
412416166
412416182
412416225
412416374
412416408
412416428
412416559
412416572
412416577
412416624
412416982
412417047
412417097
412417099
412417197
412417262
412417388
412417439
412417662
412417907
412418014
412418252
412418353
412418354
412418355
412418359
412418361
412418366
412418368
412418377
412418378
412418379
412418381
412418386
412418387
412418396
412418398
412418405
412418412
412418413
412418415
412418416
412418417
412418418
412418419
412418421
412418422
412418426
412418457
412418491
412418525
412418651
412418692
412418983
412418997
412419011
412419016
412419017
412419023
412419026
412419049
412419051
412419053
412419054
412419055
412419091
412419146
412419147
412419157
412419161
412419239
412419256
412419316
412419332
412419462
412419511
412419554
412419555
412419612
412419651
412419654
412419677
412419719
412419771
412419955
412419957
412419958
412420114
412420124
412420196
412420238
412420239
412420251
412420312
412420329
412420331
412420339
412420341
412420432
412420433
412420434
412420465
412420502
412420561
412420573
412420576
412420579
412420584
412420611
412420644
412420645
412420646
412420684
412420687
412420788
412420789
412420792
412420793
412420794
412420795
412420796
412420799
412420806
412420809
412420811
412420813
412420814
412421418
412424482
412426230
412426885
412428170
412430006
412430007
412430039
412430177
412430361
412430362
412430478
412430552
412430553
412430564
412430629
412430638
412430664
412430920
412431078
412431190
412431238
412431255
412431256
412431263
412431264
412431265
412431268
412431269
412431271
412431272
412431284
412431299
412431316
412431317
412431326
412431327
412431328
412431332
412431334
412431335
412431344
412431348
412431352
412431356
412431366
412431367
412431368
412431371
412431376
412431378
412431379
412431404
412431405
412431406
412431407
412431414
412431421
412431435
412431442
412431443
412431444
412431446
412431453
412431455
412431456
412431457
412431458
412431463
412431464
412431465
412431466
412431469
412431542
412431636
412431639
412431642
412431643
412431659
412431661
412431662
412431663
412431664
412431666
412431673
412431674
412431701
412431719
412431723
412431724
412432035
412432036
412432038
412432048
412432057
412432061
412432064
412432065
412432073
412432082
412432117
412432123
412432139
412432165
412432198
412432202
412432207
412432208
412432211
412432214
412432227
412432229
412432242
412432243
412432255
412432256
412432271
412432304
412432305
412432311
412432312
412432314
412432315
412432321
412432322
412432323
412432326
412432332
412432343
412432348
412432365
412432366
412432369
412432383
412432388
412432398
412432401
412432402
412432404
412432411
412432412
412432487
412432522
412432573
412432584
412432604
412432606
412432631
412432638
412432675
412432677
412432692
412432713
412432786
412432833
412432845
412432849
412432858
412432864
412432876
412432888
412432893
412432896
412432901
412432905
412432931
412432934
412432951
412432965
412432966
412432978
412432979
412432994
412432997
412432999
412433002
412433004
412433107
412433108
412433114
412433121
412433125
412433131
412433139
412433161
412433216
412433219
412433242
412433285
412433293
412433303
412433307
412433333
412433343
412433345
412433347
412433348
412433349
412433351
412433352
412433376
412433377
412433378
412433379
412433385
412433386
412433387
412433393
412433397
412433398
412433405
412433412
412433413
412433415
412433426
412433438
412433439
412433459
412433461
412433465
412433467
412433504
412433519
412433557
412433577
412433578
412433607
412433609
412433638
412433648
412433652
412433663
412433665
412433676
412433682
412433684
412433686
412433695
412433719
412433728
412433731
412433733
412433741
412433763
412433771
412433774
412433777
412433778
412433782
412433783
412433785
412433791
412433798
412433803
412433807
412433811
412433812
412433817
412433821
412433825
412433827
412433833
412433839
412433841
412433842
412433845
412433857
412433859
412433861
412433871
412433877
412433884
412433885
412433901
412433906
412433908
412433921
412433929
412433931
412433938
412433943
412434201
412434204
412434213
412434248
412434401
412434402
412434406
412434412
412434413
412434414
412434416
412434417
412435036
412435181
412435435
412435615
412435952
412436003
412436004
412436026
412436218
412436812
412436847
412436892
412436901
412436908
412437011
412437032
412437156
412437405
412437466
412437483
412437549
412437573
412437592
412437833
412437874
412438746
412439585
412439587
412439741
412439742
412439764
412439908
412439923
412439924
412439925
412439927
412439933
412440037
412440038
412440043
412440045
412440046
412440106
412440149
412440154
412440155
412440156
412440157
412441013
412441015
412441016
412441017
412441023
412441057
412441058
412441059
412441064
412441065
412441092
412441094
412441103
412441109
412441167
412441171
412441202
412441222
412441223
412441265
412441268
412441343
412441347
412441348
412441349
412441365
412441366
412441385
412441395
412441409
412441423
412441438
412441441
412441447
412441453
412441456
412441545
412441586
412441603
412441605
412441607
412441619
412441625
412441655
412441657
412441672
412441675
412441678
412441683
412441686
412441692
412441695
412441699
412441707
412441714
412441749
412441756
412441757
412441774
412441784
412441788
412441799
412441809
412441817
412441822
412441829
412441837
412441843
412441847
412441849
412441858
412441859
412441861
412441864
412441878
412441885
412441889
412441891
412441902
412441915
412441924
412441943
412441944
412441953
412442015
412442018
412442022
412442028
412442049
412442054
412442056
412442059
412442066
412442071
412442073
412442075
412442077
412442078
412442079
412442092
412442094
412442101
412442106
412442117
412442132
412442139
412442172
412442208
412442224
412442226
412442228
412442241
412442242
412442247
412442303
412442306
412442316
412442319
412442344
412442346
412442353
412442368
412442383
412442384
412442387
412442389
412442424
412442445
412442453
412442506
412442651
412443003
412443004
412443005
412443009
412443011
412443016
412443022
412443207
412443218
412443221
412443227
412443266
412443276
412443278
412443291
412443308
412443315
412443316
412443319
412443321
412443333
412443334
412443383
412443388
412443393
412443403
412443404
412443416
412443423
412443571
412443619
412443629
412443649
412443677
412443731
412443799
412443808
412443861
412443873
412443885
412443891
412443895
412443897
412443906
412443908
412443932
412443936
412443937
412443938
412443939
412443941
412444181
412444246
412444313
412444431
412444505
412444513
412444573
412444575
412444587
412444688
412444715
412444727
412444738
412444762
412444766
412444789
412444803
412444845
412444856
412444863
412444866
412444867
412444868
412444871
412444872
412444873
412444883
412444889
412444892
412444894
412444896
412444901
412444911
412444915
412444919
412444922
412444925
412444935
412444941
412444948
412444949
412444952
412444953
412444963
412444965
412444985
412445086
412445094
412445133
412445199
412445202
412446434
412446455
412446565
412446623
412446684
412447093
412447219
412447228
412447286
412447287
412447439
412447533
412447584
412447632
412447663
412447863
412448049
412448083
412448162
412448198
412448202
412448316
412448344
412448364
412448372
412448392
412448419
412448562
412448583
412448622
412448623
412448636
412448644
412448649
412448661
412448662
412448675
412448677
412448679
412448696
412448698
412448702
412448703
412448704
412448708
412448723
412448726
412448734
412448741
412448742
412448771
412448778
412448781
412448785
412448786
412448787
412448796
412448798
412448806
412448807
412448814
412448819
412448821
412448829
412448839
412448846
412448859
412448862
412448873
412448874
412448875
412448878
412448884
412448889
412448892
412448893
412448894
412448896
412448903
412448905
412448907
412448923
412448926
412448941
412448954
412448967
412448968
412448969
412448977
412448978
412448981
412448985
412448987
412448989
412448991
412448999
412449001
412449009
412449017
412449021
412449023
412449025
412449027
412449028
412449032
412449033
412449036
412449039
412449043
412449046
412449149
412449155
412449161
412449169
412449199
412449201
412449211
412449213
412449242
412449247
412449248
412449251
412449253
412449254
412449262
412449303
412449308
412449309
412449311
412449313
412449323
412449325
412449333
412449337
412449342
412449343
412449352
412449358
412449362
412449371
412449372
412449375
412449377
412449379
412449386
412449388
412449413
412449423
412449428
412449449
412449489
412449491
412449514
412449549
412449553
412449572
412449575
412449584
412449587
412449589
412449606
412449612
412449616
412449618
412449628
412449634
412449635
412449637
412449655
412449662
412449664
412449665
412449671
412449709
412449716
412449723
412449725
412449734
412449741
412449742
412449765
412449767
412449768
412449772
412449774
412449778
412449779
412449816
412449823
412449832
412449842
412449849
412449861
412449879
412449898
412449919
412449947
412449948
412449951
412449953
412449968
412449969
412449983
412449985
412449991
412449996
412449997
412449998
412450003
412450004
412450008
412450013
412450014
412450015
412450017
412450018
412450021
412450022
412450023
412450031
412450041
412450043
412450045
412450052
412450053
412450057
412450072
412450078
412450079
412450085
412450095
412450096
412450104
412450115
412450116
412450119
412450131
412450132
412450138
412450143
412450146
412450149
412450151
412450154
412450155
412450157
412450163
412450166
412450168
412450193
412450202
412450203
412450205
412450218
412450222
412450223
412450224
412450232
412450287
412450317
412450323
412450328
412450329
412450330
412450340
412450349
412450357
412450359
412450366
412450369
412450372
412450373
412450381
412450392
412450425
412450426
412450432
412450435
412450456
412450457
412450459
412450482
412450574
412450624
412450632
412450638
412450648
412450652
412450672
412450694
412450703
412450705
412450709
412450717
412450752
412450756
412450764
412450765
412450766
412450777
412450784
412450786
412450788
412450789
412450791
412450795
412450796
412450798
412450814
412450815
412450819
412450825
412450829
412450831
412450847
412450888
412450947
412450948
412450954
412450956
412450957
412450958
412450987
412450988
412451014
412451031
412451042
412451046
412451061
412451067
412451141
412451218
412451251
412451287
412451308
412451312
412451317
412451318
412451336
412451346
412451347
412451356
412451359
412451366
412451371
412451372
412451374
412451375
412451394
412451396
412451425
412451440
412451475
412451507
412451527
412451556
412451557
412451566
412451568
412451569
412451571
412451578
412451579
412451599
412451626
412451666
412451729
412451738
412451768
412451769
412451823
412451843
412451846
412451864
412451874
412451881
412451883
412451928
412451965
412451989
412451999
412452006
412452018
412452027
412452049
412452053
412452094
412452164
412452188
412452303
412452396
412452551
412452572
412452588
412452596
412452632
412452637
412452659
412452709
412452715
412452716
412452725
412452733
412452751
412452752
412452784
412452789
412452828
412452834
412452841
412452844
412452851
412452891
412452893
412452918
412452954
412452971
412452973
412452989
412452996
412454214
412455889
412456890
412456895
412457636
412460326
412460328
412460331
412460341
412460376
412460385
412460389
412460391
412460425
412460428
412460487
412460561
412460563
412460566
412460577
412460583
412460592
412460593
412460605
412460611
412460614
412460615
412460617
412460619
412460621
412460634
412460636
412460639
412460645
412460662
412460669
412460674
412460677
412460681
412460683
412460689
412460703
412460707
412460708
412460709
412460713
412460716
412460717
412460719
412460724
412460733
412460736
412460737
412460739
412460741
412460742
412460745
412460749
412460751
412460753
412460756
412460758
412460759
412460762
412460765
412460768
412460769
412460772
412460775
412460776
412460777
412460779
412460781
412460783
412460786
412460788
412460792
412460793
412460794
412460795
412460797
412460798
412460799
412460802
412460861
412461382
412461526
412461545
412461546
412461547
412461551
412461555
412461557
412461559
412461561
412461569
412461594
412461595
412461596
412461605
412461606
412461612
412461618
412461635
412461638
412461648
412461649
412461655
412461666
412461668
412461702
412461706
412461707
412461708
412461716
412461717
412461718
412461721
412461722
412461756
412461757
412461768
412461788
412461793
412461797
412461813
412461816
412461864
412462049
412462066
412462086
412462094
412462129
412462144
412462177
412462223
412462224
412462241
412462245
412462246
412462251
412462254
412462255
412462266
412462268
412462271
412462273
412462276
412462278
412462283
412462292
412462296
412462298
412462315
412462341
412462394
412462419
412462619
412462621
412462626
412462633
412462635
412462638
412462654
412462656
412462657
412462658
412462663
412462671
412462679
412462682
412462819
412462854
412463753
412463767
412463768
412463772
412463782
412463785
412463788
412463791
412463813
412463839
412463842
412463853
412463856
412463858
412463861
412463862
412463863
412463869
412463898
412463918
412464056
412464059
412464067
412464085
412464097
412464115
412464157
412464174
412464175
412464178
412464184
412464211
412464222
412464225
412464226
412464231
412464234
412464236
412464237
412464245
412464249
412464253
412464255
412464256
412464263
412464266
412464268
412464269
412464273
412464277
412464283
412464284
412464286
412464289
412464294
412464295
412464296
412464304
412464306
412464314
412464315
412464316
412464317
412464322
412464323
412464326
412464329
412464331
412464334
412464335
412464337
412464339
412464341
412464346
412464347
412464348
412464355
412464362
412464366
412464367
412464368
412464376
412464384
412464385
412464386
412464395
412464396
412464399
412464404
412464409
412464411
412464414
412464416
412464417
412464421
412464422
412464423
412464427
412464429
412464435
412464436
412464443
412464446
412464448
412464452
412464507
412464572
412464573
412464574
412464576
412464578
412464582
412464583
412464584
412464585
412464588
412464595
412464598
412464602
412464605
412464609
412464614
412464617
412464618
412464622
412464637
412464645
412464663
412464664
412464666
412464668
412464702
412464707
412464708
412464726
412464737
412464738
412464743
412464747
412464777
412464785
412464824
412464841
412464849
412464895
412464898
412464913
412464957
412464959
412464975
412464978
412464983
412464992
412466901
412466902
412466903
412466909
412466922
412466925
412466933
412467823
412467881
412467981
412468102
412468161
412468177
412468198
412468241
412468242
412468251
412468252
412468485
412468502
412468505
412468529
412468541
412468572
412468575
412468587
412469113
412469117
412469212
412469221
412469222
412469224
412469228
412469238
412469244
412469268
412469271
412469272
412469279
412469299
412469306
412469322
412469362
412469377
412469461
412469485
412469495
412469535
412469561
412469562
412469574
412469576
412469731
412469755
412469768
412469828
412469882
412469963
412469986
412469989
412469999
412470007
412470012
412470113
412470136
412470137
412470144
412470149
412470158
412470168
412470183
412470191
412470205
412470225
412470371
412470373
412470374
412470375
412470376
412470378
412470383
412470386
412470387
412470389
412470394
412470399
412470401
412470405
412470409
412470411
412470416
412470417
412470418
412470419
412470421
412470422
412470426
412470427
412470428
412470429
412470432
412470463
412470465
412470482
412470485
412470487
412470488
412470489
412470491
412470493
412470501
412470502
412470504
412470505
412470508
412470513
412470514
412470524
412470525
412470532
412470534
412470536
412470538
412470543
412470546
412470547
412470548
412470551
412470552
412470555
412470558
412470559
412470561
412470569
412470571
412470573
412470575
412470581
412470582
412470585
412470586
412470591
412470592
412471887
412472055
412472061
412472062
412472092
412472106
412472107
412472223
412472247
412472269
412472335
412472344
412472352
412472399
412472415
412472417
412472427
412472457
412472519
412472539
412473238
412473397
412473556
412474020
412474107
412474551
412474698
412474722
412474725
412474726
412474751
412474782
412474861
412474972
412474976
412475019
412475022
412475034
412475035
412475038
412475394
412475771
412475813
412475923
412475928
412475971
412476021
412476078
412476117
412476298
412476315
412476331
412476352
412476364
412476368
412476379
412476388
412476398
412476431
412476435
412476437
412476443
412476462
412476481
412476493
412476499
412476541
412476547
412476561
412476565
412476567
412476582
412476629
412476632
412476678
412476683
412476722
412476745
412476746
412476753
412476773
412476823
412476871
412476917
412476921
412476987
412476994
412476999
412477203
412477218
412477252
412477261
412477264
412477278
412477281
412477287
412477295
412477298
412477299
412477301
412477308
412477358
412477372
412477471
412477496
412477511
412477552
412477598
412477614
412477624
412477637
412477648
412477748
412477754
412477778
412477805
412477833
412477835
412477852
412477872
412477951
412477965
412477991
412478009
412478019
412478034
412478035
412478048
412478052
412478137
412478171
412478231
412478241
412478275
412478369
412478377
412478378
412478386
412478509
412478572
412478583
412478584
412478585
412478591
412478605
412478611
412478632
412478643
412478674
412478675
412478684
412478688
412478695
412478698
412478699
412478724
412479071
412479122
412479163
412479164
412479187
412479334
412479338
412479523
412479524
412479528
412479529
412479543
412479544
412479549
412479588
412479591
412479592
412479594
412479601
412479643
412479687
412479731
412479779
412479821
412479825
412479827
412479832
412479844
412479845
412480075
412480077
412480112
412480125
412480194
412480208
412480209
412480282
412480316
412480336
412480369
412480373
412480405
412480414
412480419
412480421
412480423
412480429
412480451
412480453
412480462
412480476
412480501
412480512
412480513
412480521
412480522
412480559
412480715
412480921
412482774
412482776
412486008
412500036
412500037
412500722
412525506
412535778
412545168
412554176
412555688
412555888
412565686
412567886
412568567
412568636
412568659
412568966
412568998
412568999
412583698
412586586
412587999
412588968
412589998
412612098
412612099
412652810
412653276
412659386
412660008
412665533
412666555
412666633
412666689
412668588
412670720
412670730
412671550
412672290
412675060
412676780
412676789
412678035
412678040
412679180
412686020
412688158
412690350
412690360
412690720
412690730
412691230
412692990
412695550
412695560
412695630
412696240
412697110
412697150
412697160
412698490
412699060
412699250
412699710
412700094
412700149
412700707
412701043
412701068
412701087
412701176
412701178
412701492
412701698
412702528
412702681
412702686
412702843
412702868
412703148
412703159
412703171
412705310
412705332
412705622
412705623
412706440
412706485
412708539
412761150
412764550
412765836
412778989
412789899
412804307
412806439
412810726
412810764
412811021
412811797
412819025
412819027
412819071
412819073
412819119
412819123
412819126
412819274
412819463
412819657
412820213
412820259
412821058
412822222
412836597
412857689
412865968
412870000
412880072
412880788
412881008
412881030
412881088
412881188
412881650
412881676
412881681
412882067
412882219
412883317
412884139
412884159
412884518
412885101
412885607
412885967
412886691
412888886
412888887
412889782
412894689
412897998
412899229
412899669
412932869
412954318
412985446
412988935
412995008
412996016
412999921
413000006
413000119
413000356
413000358
413000428
413000685
413000725
413000783
413000933
413001062
413001086
413001102
413001186
413001189
413001319
413001373
413001533
413001666
413001751
413001989
413002878
413004008
413004111
413004696
413004775
413007733
413008105
413010243
413016053
413016098
413019450
413020047
413025168
413027027
413051588
413061599
413061917
413064196
413075116
413078009
413080016
413085566
413090528
413092288
413100851
413123455
413123567
413219000
413222695
413232008
413236000
413239919
413250105
413258899
413268268
413301150
413320290
413324344
413324362
413360330
413361770
413403440
413406820
413420440
413427190
413434415
413441670
413466150
413468860
413480934
413501480
413502050
413503690
413504960
413522030
413522033
413522224
413528545
413548798
413550000
413550680
413553677
413555033
413555888
413563322
413563786
413569879
413599998
413636363
413661555
413665532
413666661
413691210
413691270
413693270
413693280
413700858
413701496
413702970
413703046
413703049
413703066
413703115
413703118
413703181
413705379
413705592
413705669
413705689
413705692
413705698
413705717
413705752
413705768
413705769
413705812
413705850
413706482
413706484
413706733
413720488
413756489
413762897
413764633
413766666
413766897
413779059
413785973
413794144
413806167
413816324
413816330
413819149
413819461
413824513
413825769
413878888
413885239
413887799
413900385
413900465
413900551
413900937
413902432
413903004
413904358
413913913
413923923
413950365
413973879
413974607
413975612
413980078
413984132
413986986
413987634
413987794
413987974
413999666
414800045
415000002
415000362
415000647
415000672
415000893
415000900
415001030
415001032
415001033
415001104
415001114
415001118
415001119
415001121
415001122
415001138
415001158
415001162
415001168
415001175
415001180
415001186
415004111
415033333
415080080
415080139
415090531
415091028
415098174
415098185
415098242
415100114
415100117
415190708
415290708
415590519
415595393
415595962
415602728
415602782
415778889
415877688
415877867
415986898
416000007
416000033
416000106
416000476
416000661
416000749
416001900
416002198
416002325
416002374
416002492
416002545
416002922
416003471
416003756
416003803
416003822
416004342
416018800
416029800
416030500
416031600
416032500
416046800
416076700
416121600
416197600
416237800
416315000
416458542
416458583
416458588
416510000
416545000
416639000
416755000
416787673
416820000
418888899
419900340
420011420
420041768
420526510
421205717
421356870
421447041
421458999
422120515
422223000
422224000
422236545
422523000
422524000
422525000
424426611
431000580
431000650
431002191
431025000
431047000
431100750
431100940
431121000
431171000
431200590
431201569
431225000
431435000
431439000
431453000
431466000
431482000
431494000
431505000
431525000
431595000
431652000
431679000
431682000
431683000
431720000
431729000
431768000
431787000
431795000
431828000
431854000
431856000
431925000
431934000
432322000
432364000
432443000
432448000
432511000
432549100
432575000
432586000
432621000
432706000
432753000
432787000
432791000
432850000
432881000
440009640
440010180
440029000
440046000
440071000
440089000
440100000
440108000
440108380
440111111
440120530
440122430
440122450
440122870
440123290
440125010
440125190
440130140
440144730
440145030
440151080
440152650
440153170
440191000
440216000
440256000
440288000
440311870
440366888
440502000
440528000
440548000
440570000
440590000
440604000
440616000
440623000
440640000
440646000
440652000
440662000
440683000
440715000
440747000
440755000
440761000
440793000
440794000
440811000
440812000
440813000
440818000
440852000
440854000
440873000
440890000
440912000
440916000
440919000
440927000
440958000
440973000
440975000
440980000
440995000
441007000
441024000
441038000
441050000
441051000
441053000
441083000
441085000
441114000
441142000
441182000
441295000
441298000
441303000
441309000
441330000
441360000
441404000
441410000
441412000
441413000
441495000
441561000
441565000
441666000
441667000
441699000
441766000
441767000
441770000
441784000
441816000
441864000
441868000
441870000
444095214
450500195
456452077
456701487
457715000
462801187
470100540
470442000
470571000
47121120
488888888
5004
501000000
503057000
503142800
503362900
503595000
503617500
503617600
503635400
503647800
503648300
503668900
503671200
512000102
512000122
512000125
512000425
512027000
512161000
515377000
518449000
520217000
529438000
532201296
533170033
533333001
533333003
533333005
533333007
533333009
538001762
538060017
538060018
538070487
540000240
540000610
540007600
540010900
548126364
553456789
556555654
556677211
558558699
559000208
5608
563003730
568888888
5708
576363000
576496000
576655000
5918
600000844
600002856
600004617
600005346
600006306
600011564
600011753
601041200
601182000
601223000
601479000
601707000
613349808
616807000
616927000
616999035
616999129
616999237
618000500
627001000
627006000
632202200
63405240
635000300
635212000
635218000
635225000
645246000
649034000
650766201
657214000
657544000
657545000
657658000
657659000
659057000
659070000
659470000
660001500
660002400
660002600
664002000
665111117
665111119
665544112
667342000
667788211
700000151
700000538
700000586
700000942
701000506
701000509
701000511
701000512
701000515
701000516
701000517
701000528
701000529
701000531
701000537
701000543
701000546
701000547
701000549
701000550
701000551
701000553
701000561
701000562
701000577
701000578
701000583
701000588
701000591
701000597
701000599
701000601
701000607
701000612
701000615
701000619
701000620
701000623
701000626
701000627
701000628
701000629
701000631
701000632
701000633
701000636
701000639
701000642
701000645
701000646
701000648
701000649
701000650
701000651
701000652
701000658
701000663
701000666
701000667
701000672
701000673
701000674
701000675
701000680
701000681
701000686
701000687
701000689
701000690
701000691
701000702
701000708
701000710
701000717
701000720
701000729
701000735
701000742
701000743
701000745
701000755
701000756
701000757
701000764
701000765
701000768
701000771
701000772
701000786
701000787
701000791
701000793
701000794
701000804
701000805
701000808
701000823
701000834
701000835
701000840
701000841
701000842
701000844
701000849
701000850
701000852
701000857
701000858
701000860
701000865
701000866
701000867
701000870
701000875
701000876
701000878
701000879
701000880
701000882
701000884
701000885
701000892
701000899
701000900
701000901
701000907
701000908
701000916
701000919
701000927
701000928
701000929
701000932
701000933
701000934
701000935
701000940
701000945
701000947
701000948
701000949
701000950
701000960
701000962
701000965
701006001
701006003
701006005
701006026
701006028
701006034
701006038
701006040
701006042
701006043
701006044
701006046
701006048
701006056
701006058
701006059
701006061
701006069
701006080
701006083
701006085
701006092
701006093
701006094
701006119
701006131
701006132
701006133
701006135
701006138
701006139
701006144
701006145
701006147
701006149
701006168
701006182
701006183
701006214
701006341
701006360
701006385
701006391
701006405
701006427
701006445
701006468
701007014
701007021
701007027
701007039
701007040
701007043
70100726
701018000
701019000
701023000
701024000
701027000
701030000
701031000
701033000
701037000
701038000
701045000
701054000
701066000
701068000
701075000
701078000
701079000
701094000
701096000
701100000
710040100
710040759
710080006
710080007
710080014
710080015
710080232
715309184
725000003
725000027
725000028
725000029
725000131
725000140
725000146
725000192
725000193
725000199
725000217
725000219
725000261
725000269
725000275
725000285
725000287
725000288
725000291
725000294
725000307
725000311
725000312
725000332
725000335
725000360
725000410
725000440
725000450
725000460
725000470
725000510
725000570
725000580
725000591
725000620
725000667
725000669
725000680
725000690
725000696
725000800
725000810
725000850
725000879
725000880
725000882
725000890
725000896
725000910
725000950
725000970
725000972
725000990
725001250
725001320
725001470
725001850
725001900
725002050
725002300
725002360
725002410
725002560
725002890
725003110
725003220
725003670
725004270
725004500
725004520
725004900
725005800
725007600
725007800
725009300
725009500
725010191
725011900
725012800
725015600
725019300
725019329
731353500
740333000
740335000
740337000
740349000
740352000
740353000
740356000
740366000
740368000
740369000
740372000
740377000
740382000
745000080
760000290
760000360
760000380
760000840
760119000
760125000
763500000
770191155
770576047
770576059
770576063
770576064
770576065
770576080
770576091
770576096
770576099
770576112
770576113
770576114
770576115
770576116
770576117
770576118
770576120
770576122
770576124
770576134
770576135
770576142
770576146
770576149
770576150
770576151
770576153
770576161
770576174
770576176
770576182
770576183
770576185
770576186
770576200
770576263
773000
775618000
790701408
790701456
790701495
800000022
800000026
800000029
800000036
800000041
800000052
800000053
800000064
800000753
800000802
800000818
800000861
800000873
800001160
800001403
800001633
800001648
800001652
800001671
800003120
800003410
800003442
800003506
800003531
800003599
800003742
800003770
800003774
800003783
800004053
800004317
800004505
800004525
800004542
800004579
800004580
800004637
800004645
800004663
800004670
800005081
800005216
800005252
800005444
800005456
800006059
800007017
800007030
800007362
800007642
800007694
800008003
800008084
800008134
800008191
800008784
800010143
800010164
800010223
800010375
800010393
800010714
800010717
800010727
800010783
800010888
800011172
800011197
800011217
800011302
800011666
800011798
800011808
800011814
800012069
800012832
800012841
800012859
800013236
800013431
800013605
800013615
800013616
800013757
800014523
800014601
800014629
800014997
800015421
800015441
800015475
800016003
800016025
800016039
800016052
800016082
800016237
800016286
800016322
800016325
800016331
800016337
800016341
800016353
800016365
800016520
800017225
800017427
800017781
800017783
800017794
800017799
800017800
800017801
800017805
800017811
800017813
800017817
800017827
800018069
800018334
800018539
800018898
800019257
800019283
800019314
800019334
800019446
800019483
800019488
800019508
800019531
800019551
800020138
800020338
800021061
800021863
800021957
800022035
800022040
800022544
800022676
800023470
800024203
800025689
800025818
800025965
800028027
800031309
800056702
800807465
80096838
8072781
8073718
810040045
810040240
810040278
810040368
810040370
810060055
810060068
810060124
810080042
810080160
810080260
810080288
810080290
811021191
811021797
812012345
812012359
812012360
812041021
812041098
812041170
812041230
812041331
812041337
812041338
812041339
812041340
812041377
812041378
812041379
812041639
812301223
812460551
812460774
820040096
820040513
820040808
820040815
820040904
820040916
820040921
820040925
820040931
820040939
820040944
820040957
820040971
820040977
820080015
820080062
820080081
82099
856106132
864110009
864135240
865132201
865132207
875216183
875401000
875401258
875408958
875411089
875412025
875413020
875413021
875421007
875421082
875421150
875421167
875421410
875421933
875422032
875433247
875435200
875437009
888882178
888899999
891200356
891201189
891201526
899999999
900000108
900000301
900000605
900000868
900000986
900001010
900001037
900001111
900002321
900002675
900003333
900004220
900004467
900004582
900004672
900004752
900004894
900005042
900005177
900005471
900005550
900005942
900006252
900006269
900006346
900006802
900007138
900007140
900007148
900007154
900007188
900007950
900008161
900008301
900008389
900009807
900010022
900010042
900010710
900011008
900011755
900012043
900012100
900012169
900012260
900012621
900012626
900012629
900013941
900013943
900014576
900014577
900014915
900015278
900015382
900015800
900016404
900016503
900016678
900017122
900017264
900017283
900017301
900017733
900017740
900017916
900017921
900017923
900017958
900017961
900018042
900018094
900018403
900018479
900018571
900018673
900018822
900018840
900018910
900019067
900019254
900019558
900019573
900019605
900019625
900019669
900019689
900019721
900019724
900019743
900019943
900020152
900020186
900020200
900020249
900020314
900020346
900020354
900020363
900020481
900020509
900020549
900020593
900020625
900020636
900020690
900021269
900021271
900021671
900021672
900021755
900021766
900021896
900022080
900022212
900022390
900022446
900022558
900023030
900023665
900023918
900023946
900024638
900024639
900024651
900024865
900025075
900025433
900025756
900031645
900060669
900061130
900088288
900088301
900101025
900119682
900300106
900300168
900300308
900300318
900300377
900300501
900300518
900300520
900300533
900300588
900300688
900300701
900300802
900300912
900301201
900301251
900301252
900301262
900301287
900301303
900301307
900301311
900301316
900301318
900301328
900301370
900301385
900301409
900302258
900302308
900303121
900303125
900303137
900303228
900303610
900303673
900303695
900304102
900304157
900304202
900304203
900304208
900304210
900304213
900304238
900305148
900305210
900305237
900305306
900305325
900305740
900305817
900305886
900305902
900305905
900305909
900305912
900305913
900305914
900305915
900305917
900306222
900306226
900306242
900306245
900306301
900306365
900306367
900306386
900306428
900306812
900306814
900306815
900306828
900306831
900306846
900306909
900306918
900306919
900306927
900306955
900306986
900306996
900307131
900307186
900307268
900307306
900307307
900307312
900307314
900307501
900307532
900307533
900307558
900308111
900308202
900308311
900309116
900310146
900313206
900313302
900313323
900313327
900313411
900314107
900314204
900314224
900314229
900314328
900314329
900314358
900330328
900364209
900367803
900380438
900380636
900380685
900401208
900401326
900401565
900401571
900402216
900402428
900403202
900403206
900403215
900403217
900403218
900403310
900403312
900403331
900403332
900403402
900403403
900403532
900403606
900403607
900403615
900403627
900403628
900403639
900403641
900403655
900403662
900403671
900403675
900403678
900403680
900403692
900403696
900403697
900403698
900403708
900405101
900405103
900405115
900405116
900405122
900405135
900405146
900405185
900405302
900405508
900406807
900406864
900408106
900408505
900408506
900408516
900408518
900411427
900412222
900412236
900414279
900414295
900415357
900417121
900900086
900900087
900900316
900900352
900900366
900900506
900900516
900900521
900900666
900900789
900932568
901268676
901301308
901303102
901303130
901380256
901381372
901401107
901401417
901401522
901401536
901401551
901401558
901401812
901401905
901403225
901403308
902000003
9021930
902400419
902401534
902401951
902901187
902901189
902901683
902913019
903100165
903181358
903400001
903400008
903400011
903400020
905018502
905103268
905103316
905103356
905103988
905104898
905116666
905181788
908908853
910040425
910040485
910040527
910040598
910060132
910060358
910060741
910060748
910060800
910101668
912041189
912041234
912041316
919919990
920101125
923456789
924467387
926000438
926003469
926012630
926013101
926014111
926030009
926030083
926031096
926211180
926211265
926219026
926219033
926312339
926313047
926317198
927501109
927501110
927501126
933200022
933200025
955800000
960000000
987872435
989796203
990700091
997755482
998000042
998508409
998733092
998877000
999000011
999000012
999710063
999802059
999902007
999966555
999999995
