211611680
269056957
230111690
373967000
367421740
36413
215942000
265522240
244020757
412460920
345140500
244790684
244690915
431501774
477780000
244670100
33
367615260
366725230
212259000
265522620
431000293
992626004
245569000
367506940
244620876
538005252
261006770
0
265004000
431000458
31106
366995540
5251537
351355000
316286000
244670078
235014365
244469000
273338630
367452820
412418140
311025100
477357000
244710873
994136303
354075000
431601676
229881000
396623392
990123321
244750350
412999999
244820404
205335490
538006049
10000000
244660474
258313000
244730153
230006000
367574230
114
412468740
256759000
235025323
770576114
244670741
413445980
412328490
230956000
503760000
246895000
41015
477304000
273828110
316001247
470347000
477320700
371897000
413303970
367692120
335544323
367503383
567190094
244030035
244670030
205553000
525025041
367434260
710000869
211474450
84
431501756
277486000
431602036
367143450
563012720
244670267
244710900
413691930
237827000
244620959
244810083
211590150
371830000
345000001
232002833
305468000
440155330
273344790
244153000
413700000
244660843
9999999
316001251
525005003
219230000
367003890
244670362
271002502
205531119
22991925
413827432
244700277
431000517
244750689
205524000
235007473
503575300
211527970
567000000
525016684
376375000
244100001
244772000
431000534
366270000
412460890
211214670
431200675
244730961
211242880
419000704
431000239
244453028
244770268
431005288
565742000
268268268
246848000
227011500
244700810
246190000
367057750
230636000
431005301
244690843
3160107
244660726
222222222
244630141
244670673
412466860
366727190
431006858
244090200
247047200
566163000
244690485
244050847
367010583
244670103
211437190
431101139
412328786
244660875
7010307
244730148
412596777
246517000
244699000
525009046
211194030
311022500
316001252
413762724
244070288
12345678
244770727
244750116
244690224
999999000
273443140
211876000
244650747
244660676
525009573
244730862
431100338
244810513
241136000
244630169
271043395
244650618
431000294
244660252
316003125
366988191
315998208
522878911
4190010
367352240
211514600
372517000
244710315
503577100
367032830
246131000
710000001
246592000
316001265
503696000
900200001
525025050
440002290
367522180
258330500
211511900
431004622
273454430
237003700
240672000
212641000
244710182
359391232
367431550
246710000
525018371
316001257
244660052
271010163
419000411
246172000
244730796
213777000
367011821
500076394
518684607
244740449
635961347
271043394
244690660
431301606
376566000
244750587
538003076
245931000
366986670
372273000
775506000
525005017
212400000
244740814
412040404
244660111
211544210
244780700
312062000
598130591
525003137
412445640
211263850
413473210
316012774
244620173
257144700
316015121
366962947
367352630
412472920
211436370
273355340
525022210
235064784
247002000
244250811
701006363
220378000
431000308
306014000
413900791
367004120
235104362
366772990
244730476
537985026
316607241
525003425
413829686
413877650
316003878
367162230
525005012
224127820
571758000
244700448
416000005
235064783
244030421
214182108
431100403
211365950
994136318
770576257
244620835
245999160
367532880
367665360
514017000
273455960
211437290
201211180
366773040
413482110
244700616
413905572
276788000
251495110
200000001
503603000
225488000
211500770
211178250
244090417
366986970
211268070
367122280
2447004
244650951
371089000
564727000
244650323
111016922
244810900
366961480
525008013
412020202
366921670
412461640
244710140
243990530
538090191
244670098
244700953
246725000
246901011
503466000
273455430
412888888
257517000
311020900
273000003
244740574
431601089
770576223
477356000
413973000
244660745
413999999
413003000
235060356
251383110
247191300
211149890
367061930
230632000
367082880
257999309
992626003
367605130
755104224
367456683
795148404
366961530
900000009
994136428
352367000
431800389
244690180
367053260
412222222
341363000
244700991
244650495
265650950
431000477
244660087
238123456
366989220
413456789
268
244879000
244169000
248692000
244670836
413043220
205114000
209141000
538004589
413825082
366365000
244730477
319315001
205674000
249017000
237313152
354832000
246608000
227286000
367533190
258387000
224768000
413888884
244650928
999123456
367057720
538005121
367141370
219175000
370001000
211000000
408521000
403288000
273892110
11111111
271002492
701000001
230105760
265522230
770576267
412373830
538005585
431700169
412331208
246577000
431000371
257282400
378389000
244740242
273339080
413024530
246082000
345050029
244780024
244710730
316001539
205338490
994136314
710013250
251244110
413770826
269057228
244700611
316001844
245585000
770576209
431000325
503608000
244700493
244660639
413304270
477384000
244820200
244660611
244790037
246152000
413321000
235108268
273354240
511011000
244780876
235007472
1073741823
244750691
518100015
244615774
230634000
512001259
215795000
244730196
770576154
512071000
246582000
992626002
354622000
82
235069875
431000424
244650593
244820824
412000568
635018500
366856463
412078000
244710914
413825174
205394490
200804300
994131616
525002084
211312160
211316150
366963490
244660402
503575700
257549000
271002544
525025059
312102000
431000605
565990000
412755550
354756000
73
412460320
431000461
477038000
244740484
244670671
211555980
413370410
211437280
235102029
211163700
994131801
413762725
366773090
244660416
512085000
512000127
244757000
211315100
211696800
413466740
255805764
253056000
994136601
316001701
273330390
244700125
273451950
566229000
413592290
244660841
770576318
440197000
431000518
244780387
538005562
244670434
215013000
211525220
1111
256383000
413810612
312916000
244660819
246436000
431000569
210774000
413466930
367468380
710006930
244710257
1042432
367073380
244700651
366935050
373861000
244700470
244660624
352124929
366967551
538004245
316011408
228018600
440121000
4
271000907
994136316
677061300
367505090
341857001
244690455
205364990
367000120
431003514
477039000
413990011
367682610
412000003
305904000
636091997
366897820
477070100
244660245
412422970
351008991
366967670
311037300
367524240
248599000
367075020
271044098
413371920
273155000
6459025
316001795
29445129
377901017
477849900
339591168
166296813
244670175
525000000
245354000
413989463
477937800
413446910
269057368
370308000
515967000
235103398
245405000
366936680
525015868
366985730
219000429
244274000
261028820
230992950
233009000
503000000
366884150
239924000
244660379
244660879
244326000
376771000
211523800
244780658
1712
367327040
412460880
244660530
100900000
71
525006045
244090901
246581000
413795535
1002058443
477995512
244660584
212396000
273436480
356289000
412419370
366963272
202020200
413700010
431800044
311000165
211515230
244700203
244660417
431007094
477937700
245866000
273443920
636016689
412469250
525003109
441019000
76
244660083
477072000
413447670
413417510
244660136
440012290
244630606
352859000
566162000
245709000
244700127
538090261
211530930
367702120
367010563
263864222
244660604
413412413
271010280
244670087
413473190
366659730
477525000
431006367
247300000
249486000
269057154
211441990
412678050
271002520
701006308
244670291
211216151
412702970
245711000
431000306
431200708
246391000
244453051
244700287
224840000
412430070
319192000
244620542
412324188
244020072
244670401
341728000
235080274
416000001
412591071
244710743
366967530
431000309
271010456
211188220
11
6787
265577480
363685495
367547137
271000733
211664570
316001838
244700763
211468560
677054700
244710286
351295000
366962970
244770334
525025061
503758000
365920564
477303000
477509000
245906000
235095774
31685693
775090000
345000000
356159000
6774
366967590
311023500
244740748
412591072
413822010
244740124
470123456
312784000
212427000
831520768
244810693
263701940
273355240
244620839
244650807
316011461
244690994
271000975
351621000
205474290
538070904
413045220
244690563
431000659
512392000
548438100
244670025
538002864
300000000
413043040
244650575
273317910
244710878
367702040
36451
701006430
245784000
356984000
316022391
244750356
367312660
563614000
441722000
244776962
311074000
244660167
244620046
303017308
351281177
413762726
413449030
6929
431004677
367411970
276696000
636016275
205435990
25328974
261199000
246538000
316024256
273374520
244750390
258871000
354574000
2278000
211233510
440115340
413043230
244670669
259278000
230012280
244615886
224202000
440011160
211318600
440020080
367476920
244750498
367389230
412420405
256758000
244730048
312304000
257217000
211496510
235113128
36352
9
477995028
477937200
230629000
412208030
477210000
367498110
367503540
367586130
710000009
230181000
230982000
354636000
235089435
366920020
375133000
366773070
265650970
244650236
413478790
244670295
244750496
412000000
304807000
244740080
209901000
352555000
244750125
367574019
244700897
244740730
412460330
477990800
244670664
457602000
477995042
992446005
246396000
567190106
367687520
244650838
365123000
503432000
244790091
316011409
244730707
367314420
477197500
224337000
750000037
413506190
244630026
316039000
245999050
244010042
367420170
244660566
244780663
367010580
244710871
525123456
525016299
370763000
277291000
244670973
366998040
477041000
730063000
273351850
244700236
244700957
413365080
244690361
244886000
246882000
770576272
244710450
244615634
413000003
311010100
412207777
431600423
357160000
244670124
205391990
412462270
211317590
36422
367490790
525015943
525008007
413998888
244670521
413408000
503344800
312613000
412412412
244620196
211234480
211207100
316001232
431003032
373130000
431000478
230007000
271000538
770576248
273356220
366946760
413800091
701006177
357667000
244780376
538090324
271010504
311000433
367618819
362000000
500076395
230309828
351272963
366937011
319048201
413596541
570444000
799999999
548477200
230965000
412884000
372899843
503607000
525025052
215058000
338570000
244700794
235106475
276747000
277541000
265547260
366792940
316001698
257625188
538003879
211437250
367522240
244710521
246584000
273152800
357238000
636014901
314015000
235108582
367011830
367568460
244710390
244660067
258296000
701006230
413479470
412466666
265527920
277078000
997011088
367503382
244630038
265509950
538005396
338517000
412000002
412596112
366977490
367302370
235085564
209126000
244660409
367125100
503709000
244700680
236465000
228008600
413000008
431005421
413764285
244825000
244660831
367337690
273358970
244620955
36677
351421000
355550000
512000222
413461990
211512370
244710582
440119090
244700365
277425000
466000000
244670063
956567617
367675910
413935786
228085000
440003350
241087000
576249000
413454310
366995968
366954190
600012923
244020488
244453016
230079670
244710207
4192232
412751890
244700537
244660375
236650000
704643072
419956619
244660117
244740801
244710173
244670403
657107300
367588290
244710118
271002699
367533710
244730603
211168930
244660419
316001238
316013980
375817000
244964000
244690001
211590640
271001001
244304000
503338000
244660418
244670138
261004340
244790087
273358350
413787888
366995429
273156600
312451000
244650988
225419000
265587220
273438790
413270430
357736000
477197300
277523000
224200000
367003430
271042704
367534840
244060924
244660423
244710708
440111150
244670209
244660648
224718000
230309829
503241900
503009100
227022800
246392000
367585170
244060306
466410000
413413413
244650607
760000004
440200130
367145870
413770326
413465680
503320400
244740681
413770865
412435710
316001807
412461970
366995550
244860471
413412810
367442693
245494000
503604000
316003285
244670460
440000000
244660306
244710710
440100890
636092412
230987380
244750218
366950740
244810108
546018300
770576342
244650228
230985000
994136317
244650860
366996280
212499000
7777777
351923000
358585723
244700938
356766000
600000000
244660264
351712000
412476410
244830800
367143360
244670074
244660032
351263000
273387810
271040319
888895260
412420944
354408000
963226185
667854751
219016555
244275000
244453055
211643790
367093560
230987000
244750276
244670220
244670385
431000261
245349000
212058000
477031000
366999220
211625350
245260000
259490000
1116734
269057131
366709780
244620933
223456789
271010541
123123123
403273000
2734497
423332100
211202770
631876000
244750017
367310170
413000009
244070903
412205710
271010378
413222000
992271106
311058100
316014170
312650000
370008000
271002494
367475530
657010000
248331000
368685000
205479090
566914000
277542000
19831792
533914000
367433473
366772960
367129670
245232000
244660374
273354420
375446000
663000000
351745000
205530290
244710157
345030500
271000303
312288000
701006239
258841000
271010292
244730890
255838000
259551000
229294000
212561000
525005001
431200654
477995074
271010514
413852201
352598000
244660937
244773000
257084340
244650794
271000906
503024290
367456771
177313816
777777777
413433180
431000649
211366340
257958900
244770335
10
244730020
211602130
503017210
244603000
265549760
403040000
205384395
244820146
503576400
408386000
31074
244010352
244620961
431000876
413404360
316188000
41365
244750464
367400420
211511950
41407
565975000
412234567
219458000
312068000
373615000
244670609
431005882
412750430
998649921
994131627
413965986
677011200
10903843
525000006
227010940
240273000
235067955
244660626
370777000
997752230
412464160
261001880
413820641
345050700
306009000
6010023
244830512
244750306
338217000
413468580
211664100
244020144
244690991
564305000
272682000
244690155
249138000
367374630
168
770576302
440037000
770576067
219653000
211188000
244700534
775992120
273343130
366954160
538004712
367404910
367463060
366772980
244650969
431200669
563022530
244670500
273368990
992626001
431000626
309716000
244820331
244650690
413424240
413789109
211512430
276672000
357385000
413690170
244020876
245742000
244750895
244670391
431000431
992271116
525013020
273449410
273352820
431001544
431602284
244670725
477995044
244660562
265528280
244660815
413567890
244615779
271002638
211298250
244830301
563115000
961118000
367401320
316001434
244780346
994081017
244660033
366996250
273377650
636013097
413554320
366941810
235028893
311000317
701006592
271000773
304923000
316001246
33161218
7
244618000
305838000
244700194
205430790
244061000
211372620
366773030
211281010
244650537
244620972
565128000
367424940
211440680
36679
370522000
244700126
345040500
565042000
244980000
78
354587000
412010101
2
441749000
210169000
512000741
367405790
373981000
431005267
431501879
244790609
209138000
431007022
230941840
205247700
247356500
244850318
367362243
244710484
657109400
677056100
412450000
230111080
210621000
367638260
244660811
253029000
431501621
431602232
244670282
246375000
244630007
367444220
477064000
563201000
413770000
566425000
355692000
354337000
244660905
431004231
244070620
419000703
247047300
246537000
351347000
244850403
244690110
512004656
994196024
366988190
244690345
677027700
229295000
244710895
244660822
316001697
210008000
636016722
236603000
567005000
431000221
431602089
244860533
271056001
211260260
271000734
319904000
356804000
244030798
265547230
366988770
375616000
940200035
413773043
244870016
244850765
319563001
258424000
244710864
525016659
235011610
209182000
677060600
244670774
244670918
770576162
371633000
211493380
257310500
244810087
413698780
273351580
232002712
271002517
367168970
576290000
271010256
261009040
414095000
367412570
247064200
244670077
249039000
244630651
413900972
373647000
244620941
211437470
477092000
205439790
370425001
316023811
367441665
244030516
205175000
431005438
233150000
244660356
244710630
710012740
994131621
366984970
271043393
770576278
440010560
253365000
244750924
431000479
440007870
431004277
245381000
246587000
69
366953860
244630070
205457590
111111111
261006140
79
244660054
366773110
565504000
416241500
525025084
477958100
431006336
265292000
211496390
244670566
244850033
229435000
244670768
367106130
244770510
205557000
413000001
701007053
998641729
263864221
244583000
253112000
259425000
246380000
367442390
775996621
232004784
244050469
370176000
636091123
246655000
412882000
366995360
431200283
205593000
366984960
271002533
5
77
367579120
367014190
470459000
205364790
246301000
370372000
277349000
371506000
412555555
277149000
367405720
244700837
247295400
273433550
244690212
271010505
477197200
775990000
367057380
211442010
229801000
224593000
244650553
412467870
219017815
224689000
311000134
900000000
219000368
367349450
576015000
245910000
246316000
525016131
412303030
312786000
245464000
412011210
244630100
211676590
352055000
271040378
4190009
992626005
244630718
412460960
412000009
367560930
244010025
211515040
277526000
316009560
367143920
6946
7554169
367026710
211519730
31035
367702340
525005010
367495480
257333000
211130000
211517600
211437340
316014621
212190000
413373080
100010001
645147000
244730231
211265900
244730389
538005612
701006411
244700668
367306290
994136409
244750379
248463000
244660834
316001244
235012119
235025112
261027110
244020463
244690971
431003381
997101008
373490000
431200709
211437160
244730959
205481290
220284000
244750008
271002736
244860699
367378120
431501801
994131661
503759000
994136512
367362051
244660862
244630706
244780377
244710340
244750897
244700374
234448000
244650833
503575500
244710702
273456230
367412620
244710872
244750685
201006210
370486000
920101116
111111113
789652347
316011358
538003660
701812000
244730205
431005182
244660377
230652000
367143650
413359240
244650737
994131617
244750117
636009894
477937600
211145930
413111562
244750679
525005014
244010716
230994270
235010500
341582000
235096892
338748000
373302000
13790138
255805696
273444430
576817000
244010773
354444000
444444444
211214970
211024029
227382000
503586200
244750616
366988580
244020589
636011496
412868000
209506000
565438000
576250000
477995029
17043521
273319750
412469240
366985760
244010489
367376740
341891000
701006113
431005338
366993640
376091000
538003515
235095162
367535290
246401000
235073887
205591000
205393000
367654060
372328000
366986450
246171000
997300173
271044216
413378870
413856791
7300701
419000101
276813000
666666666
244770598
211431270
413479450
244761000
244650922
725000390
367504990
244750961
271044172
244650883
525005052
316023339
366863870
370700000
412461340
70
357592000
525023144
211002010
367610510
244730199
366771550
370506000
525015749
244650970
412375580
434109079
755002555
367463740
212454000
244710446
244353000
525111111
367654290
576628000
518783000
276780000
997106002
201204131
316001801
477995456
477995030
311000265
412477680
366961230
244650942
477324000
367402050
273323800
244750598
244660746
245488000
244630036
367456880
367193780
211591180
787878787
413468320
244692000
477056200
244710903
366963040
367456780
218509000
319819000
263003014
244660705
244660223
413374110
244750494
211667760
244740074
245418000
273111111
564681000
244660874
477995499
229808000
253449000
525015879
272121500
265522220
219000479
897898896
636092478
525015977
341504000
247003000
503576200
412328510
367143910
211649550
366963350
271043396
367581120
374001000
412764460
244670356
244660558
529890106
477037000
210716000
211365960
244780806
367075110
994136311
525015932
366995450
272319000
353446000
366967470
235001770
244630393
564328000
503601000
636016424
636016109
245670000
413420580
412329692
316009423
244711426
7104001
360422581
244870461
205687000
667008058
244670563
566133000
636014487
431600334
244660961
259187000
235084702
413472060
412460910
512003410
304965000
244050426
244413000
265514130
431006187
757849370
244670377
701006216
770576122
244630533
255805592
244690672
244730045
413452740
245778000
413694640
770576282
367057790
470496000
205193000
205523290
319085900
413800067
351280192
620090000
244740763
412477670
211288480
244660747
440111111
244700521
367327120
412300000
341992000
316093000
366772760
999999989
244670932
218197000
245350000
367130910
503680900
244650917
367433620
244974000
244186000
244690468
244820548
627066000
244521000
219905000
412900000
431000238
701006034
277207000
431800596
211676580
760000880
168168168
503576500
367687870
412596110
244850515
259593000
244690611
366963150
244770571
261482000
277100000
247178800
271002504
1116923
994136307
244700533
367354540
413694950
271002555
211512000
219017081
808663857
244620087
366961410
271040027
205451790
524578546
367306940
440004260
271002711
246522000
244710230
366749710
244810692
712345678
205233000
431003061
271042945
244690223
211549530
477995041
755000000
355691000
316023341
636011610
247312900
994131619
788738
224203000
412350870
316009316
263864219
186549031
338771968
271002578
2424131
244650611
357477000
366963460
808464432
994136622
367300350
244010526
244730927
235076195
244740804
269057296
244690405
316018477
244660113
553111321
222000000
367129650
244650721
211510910
244660518
538004809
366985660
244690612
265513810
244257000
235088195
244620966
211437260
367637760
677071400
244700771
245505000
413371950
235707000
211519720
413056000
412202222
994196023
245059000
440121140
311000164
525024157
431401978
636011816
992442726
290532700
218272000
525003337
538004518
413905228
367454460
211521080
512003135
244710762
271002615
431704490
235069877
367066070
367864000
261010250
244630024
244660951
354100000
440108320
230957000
316001802
100912345
100000001
367079240
412460930
228293700
205502390
367353660
235074416
244690328
341405000
244660412
431400282
248928000
228061800
477385000
431500658
257473000
677029200
244710897
232002939
466205000
244710763
244780213
205529390
5501730
268447074
244700131
123456
273000001
244710454
366963340
477937300
244700798
671511000
244620962
412331076
441173000
244660414
227023300
211177620
367426830
413484890
565766000
244670122
246658000
244670454
246762000
525016550
538003825
935329836
367615263
367105795
413021110
244710736
372149000
512002959
244700690
319058000
246586000
533000000
273456950
227364620
412356950
367424480
244740200
2579999
259310000
257304900
211190000
111111000
994136319
367057450
257126900
211527950
525010000
244700046
205491290
212179000
246543000
477866600
413473180
412420502
366954127
565769000
246656000
366985710
265585310
229877000
412412444
224101000
211257820
366983290
244860636
412004321
235004391
244670190
25147718
525015962
366772750
412331077
366773060
367678150
770576251
230110670
244730083
244660341
269057261
431602031
367505110
366996440
244000000
367017960
244750828
367057840
244830609
525025010
994136513
269056851
111000000
244532000
503793700
244700318
244730648
367672380
503486300
273443890
205525390
244030099
99999999
338115267
261031080
244700797
230361000
244670957
760000920
431600146
226000000
412867000
525001102
311010600
245999170
412412442
36483
563820000
701006226
905106188
311036874
547978470
367182120
224704000
277447000
367168960
477995100
431100961
244030575
755003495
245116000
700000000
259987000
230995000
244660898
265871000
229097000
244750217
538003343
237673410
992441004
232004783
311014600
808663912
7104003
367084480
273358880
244710846
246254000
414210000
246591000
316023424
256656000
367702050
398540800
997104002
244817000
316004911
1002058445
316013007
244690490
224624000
431006416
333333333
366946710
244660931
244660960
244660653
770576186
271002506
209629000
305082000
304422000
413666666
371453000
244690281
244710114
244820968
351602000
422856000
244650632
412689000
413901609
431000001
244700143
235022611
244710557
205419690
362181000
241507456
470571000
440400170
413372490
413024660
338183275
244740452
211462080
211385930
211684020
273353940
367547280
371194000
775992150
512099000
246094000
4310207
366963251
500076393
994131655
244660449
273334570
636016032
367000150
255805604
244780738
261006870
431402019
244630697
212368000
367589520
253242276
994136626
373168000
259344000
244650878
244670293
413134000
211437180
219000603
256000350
258130000
525025066
755056000
413777777
228798000
244750133
316001797
246130000
367388340
244010082
244630439
303999000
354292000
235012190
258092000
525005004
235112943
503575600
244650324
392341
244710731
574619656
412464574
2132200
367421310
277296000
371838000
259401000
457377000
235083344
244780248
271002561
371401000
667001226
367111590
211115000
244660229
244700816
503577200
244670016
477937500
366996090
72
366986640
244830191
525005054
205493090
246604000
273554300
205528890
316001295
366984320
244630353
413693170
244660532
775512000
440067000
211699930
244660004
249004000
431000427
245489000
413813904
256246000
413888888
244830176
244770000
503380000
211181950
413370570
312390000
993672077
235008564
222222220
316001269
211272290
525123423
244740453
244630402
431000259
319264000
367192670
357480000
229437000
244670290
372798000
244710833
367485290
244750715
366996570
412030000
244750482
367495210
416004681
1002058444
273446520
244660896
431400404
355635000
413473920
366952790
356353000
211625340
273336610
244700130
416003942
246921000
245351000
244660222
244690839
235006680
244690604
352124931
211474990
35
244670274
249040000
244710865
566164000
431000249
300777777
470100001
316028554
244670114
211363720
416450000
277533000
205194684
253047000
244630427
440773000
413370560
367371610
244030940
244750806
230981000
244010219
564867000
416000000
205188000
525025024
710000000
370515000
1193047
244700850
525123000
265706350
205479890
272597000
2734421
413822006
413040010
760000320
357330000
263701960
220229000
244700123
994136602
997106003
367581490
244780514
305542000
992446000
245359000
367178241
367645628
244060815
235068328
316001243
271002482
367000140
244660944
244620737
525016706
212636000
244670985
412400155
244690475
378344000
470568000
244660571
367556020
230112970
413471740
564481000
412468000
246016000
412123456
503542400
367106880
999999998
413015060
431100549
413361830
224008000
244830541
210167000
209440000
369970574
367584520
244620628
319349000
366995280
210605000
413500000
244670106
367143670
412900038
790954100
200
258694000
412330920
244710445
8072781
566140000
235006230
356986000
412030303
367014450
440008090
367503920
376374000
477192300
244690030
413127000
246187000
244670723
308851000
412331079
210130000
244700535
235018872
244670342
244287000
244770656
235082716
525025065
244453047
211511770
265698740
367677570
775000000
244660105
244690643
271072246
369970733
367178489
372641000
232001060
477821000
512000027
244650824
244670536
244660569
244740788
367016010
412570000
366982920
503320500
353697000
244660400
992271115
244660806
248465000
205301290
413690240
244710874
244710116
413462110
205051000
257390900
413764415
25654025
366941860
367157150
229227000
366995470
617100000
227397840
304068000
244660292
367689040
579000000
431301245
373650000
538002961
244690859
244690970
244710051
211845000
245907000
271002491
563925000
258968000
244820397
244670084
244070156
271002526
413787622
239936001
244750786
701007014
900000008
244660328
271044201
377311000
319048203
915030172
367295505
265573150
564924000
725001090
999000003
269057204
244740238
244710812
367649320
246411000
367428170
6149
412043550
355264000
701006515
366997440
367645430
335215357
269057378
316004370
244670564
316001236
311028700
244700715
209392000
219601000
236481000
710001520
525005015
225444000
413472940
244730125
245999040
235113663
367422983
413774502
224040140
244660638
503376300
244620782
44710131
431000307
242000000
366967660
367456750
993672090
366953880
413790555
244710707
244780825
244710137
413360080
209355000
253384160
351773000
477834000
244660919
244660343
470909000
244650489
477033000
261010830
211490610
525000010
372011000
211437240
271040307
431600182
525018395
470000001
316001635
224231000
257684700
244660392
211151080
276585000
233638000
367037490
224226720
258133971
413818474
303165000
431003439
244710817
244010724
273000000
420000003
212537000
367174060
273334130
17971867
412375110
503738300
440336370
244750688
413452650
273354210
244660627
412883000
457900040
232003118
244660735
345010033
413474530
316193000
235100538
316001803
244750980
211211460
339317760
367638249
413473310
888888888
244780409
376436000
367378960
636091351
246137000
305852000
211444890
316013946
59
277540000
310065000
273445080
244750893
431000127
412324140
525015378
440100000
244780522
210207000
257837000
431000651
616845000
271002523
701999999
657901000
431002595
244660878
244820145
244700519
312405000
367178490
265522210
367456940
477056300
526060644
677057201
585727206
273444560
244710229
413832001
244453018
366760610
431000457
412000001
273340220
546017900
271044056
477334300
512001028
219282000
212891000
244660442
413697830
367003580
563916000
244790048
212018000
367324580
235031617
375632000
994136522
273149710
636013800
413374130
366916840
323456789
244670062
366816340
200000000
271000956
244670107
367604120
367067810
248040000
211218810
244394000
247161800
219018172
244391037
994136410
244670998
310702000
3
271001019
235113374
367681150
997104003
994131611
636017056
94999
316009104
367456515
229707003
277385000
755021000
244670022
245449000
431002273
211626350
244630750
308094000
800000000
244620954
366816256
244630113
228006800
244620980
211512520
273426520
367057260
366961430
431100284
244780739
525015092
277461000
228244700
244810184
232003401
244740488
211207760
111503018
413906648
567000522
219000431
219084000
412123321
244660996
271042609
273345030
211234440
249268000
403701610
366991080
367702130
9999
244700639
376111000
701006466
277006000
367422980
242400000
470919000
538002554
338204931
244660233
225428000
275402000
230993000
235089436
244650826
412462040
413024560
273316820
370491000
370511000
228331601
367129620
304020821
367375620
244630233
412356789
211472760
525003396
355435000
994136515
367615235
43528257
253296000
246713000
244710524
211184660
244670357
413903511
357203000
261002100
525025057
271010326
246115000
994131620
431501694
211513110
319046900
244670040
352725000
251181110
244660318
367505650
244740760
525008119
376309000
367647210
211587750
219019887
246366000
525005339
244690362
994401013
244660997
211205180
244700985
265704540
374957000
412554280
367442769
431501488
271002493
211181940
244620979
210351000
362141000
440000001
367475340
244630814
211343680
244673000
244690454
477937100
412002310
211540110
351801000
525016548
316001267
235070418
205388990
269057336
423364100
261008070
338860000
412456789
311025600
367461550
258593000
244710254
205008600
211436040
413467420
211187040
701006319
205644000
412303490
231257000
525010054
303279000
357154000
244670101
244700714
366938770
354921000
244870481
1057751040
27948124
244660475
808664168
269057360
730000000
244850433
525005002
244660594
431000792
525016148
244780366
253114000
247007000
111222333
470515000
246452000
261521000
422050100
219000407
244690990
994131698
273353770
273425540
666000001
650140000
366710820
244660413
229398000
412470450
355647000
503669000
211855000
244660725
354166000
367505770
525021302
940312834
276815000
235000005
230014910
271002527
356006000
244650920
273380810
525019003
244740335
244670113
246128000
431004228
553111692
244735000
244750430
667013000
525018229
261007370
211437330
567010000
215939000
994136638
413963573
565955000
244100055
366961450
244620890
503605000
83
542179110
244650603
366710810
375885000
235087611
205205217
677060300
271010506
623456789
316001283
994131626
17835812
249267000
413803452
319732000
413200000
244770838
600012239
244660565
356979000
246376000
244020692
525005105
316001268
419000001
211527980
244596000
271010305
212220000
244619000
17739082
244660158
413832004
205300690
412876000
431000442
271002499
367078130
367583130
413471870
357726000
470659000
249119000
339377000
41206
412388888
244710038
525000914
367636460
997104001
412800082
367420280
211546580
431500784
232003121
244660483
205369890
477320600
244620875
431200681
111111110
244660152
215940000
277464000
244830924
244615899
244690482
636011634
263701950
412428748
277459000
357562000
367309910
244780331
246530000
431000598
244010774
711000015
244700689
235110913
413994542
230339000
244660618
525002098
477197400
366963250
244650467
365789314
563033180
300190110
21149960
271042941
412428190
20080315
413694190
244615933
477545000
273441410
994136313
413378450
636015956
431003373
271002519
710102030
215357000
431000526
277493000
107374182
244780955
205521990
257804600
244670745
367461377
224117450
525005031
272000000
373715000
211437300
413900000
271002562
316001799
366915720
305883000
244670789
667001391
477995507
269057316
352124928
563000000
263864223
431000619
538004056
366755670
271010488
701006245
244700361
770576009
273438920
316001271
367377890
244923000
244700644
657716000
210523000
525000001
412000088
265514120
512000532
370585000
354361000
258306500
244660713
366963470
211367950
241242000
413794965
244805000
244070253
276776000
477074000
413589723
994136648
6734
367422979
26574158
211471880
229688000
211631000
316001266
431002428
525015072
367638240
244700312
244700986
230622000
366985050
770576191
701006286
244770618
503006650
277150000
470100000
367101920
244670300
211539790
244660830
244740052
244670108
244790610
224195530
244863000
760000001
351694000
431000448
244690554
244710656
413462220
775994290
416004319
244670079
249110000
338564000
271001039
244690750
235085534
244650992
477995026
367456923
413425440
367584740
235448000
257287000
244710126
377067000
431200306
244630534
273539800
273350270
244650974
413695890
412237000
232001470
412204730
413952293
555555555
525016663
876543210
243042317
565435000
502
246154000
246271000
413762252
111100000
377369000
431800201
477995442
235031618
367051340
412400000
272977000
413820058
356967000
271044021
353951076
273459430
85
367338850
412100000
271040948
244453012
367587010
230046990
413992211
244700059
244830126
219000604
412468590
503622800
440400310
244740042
994136510
316001327
503433000
215870000
276691000
256373000
440302190
667001286
357255000
244660298
271000539
316001687
770576118
636015016
244780386
273312780
244650367
477995450
525003378
525000002
211595610
244630184
477995072
244630043
235084121
241380000
309467000
210133000
525025062
477995033
263701890
412765420
277147000
413000000
212723000
244660720
367141920
548000000
367146110
244850442
244700853
246026000
235070762
244690697
994131803
230628000
367526630
244660480
271002490
431002092
277421000
316001878
367050250
214181207
244615067
244690002
273000002
701006365
123
244620511
259638000
413448650
258695000
253495000
5631127
316001633
440022680
273379670
244084683
636013099
997106001
366973242
244630034
246359000
538005442
994136320
413202750
244690411
503005610
477762000
503575800
244690254
412596999
416002477
413471750
316001245
366963390
25
357325000
503
367522220
271010526
1942
244620567
211327660
440019000
244615283
400000000
211180740
431005164
244780283
211667590
36416
243071121
256986000
347015571
271000743
244670494
412345678
244670171
994131628
376472000
503575900
273387600
426988168
657113000
100000000
244700498
538005393
503615300
244690375
273054913
211224560
700000001
477264700
229223000
987654321
265516670
725001048
244660616
1193046
244690747
245724000
246333000
564624000
244528000
244090796
622123000
512000742
36680
367029000
232004598
431000501
244620958
244710667
701000648
413123456
229802000
760000770
128639607
710017328
236364000
230649000
431003033
258266500
244850581
371756000
211589740
431005219
710011790
244660290
244660118
367412630
244010955
265000000
242904000
848507543
355497000
413433910
6
244770241
211590310
244750119
366961420
366969670
525025088
316011710
276779000
540011300
273315950
412472790
316026694
525021037
205521690
244020943
244371000
477937400
357026000
470560000
271002114
503576700
211112870
366778450
565810000
245207000
413800000
230948000
367028750
244810632
413272130
229876000
366917530
657615000
357475000
259592000
994136306
412473430
636014800
367652980
345070700
412462060
770576269
244660791
244700532
413775000
244660587
367702010
367343490
983052353
525025049
413586987
362186000
367667723
528155000
244216000
256475000
538004060
244660902
273332610
271010263
412330930
994131622
258844000
244670638
431301736
636012804
244670466
253416000
367537710
244710018
211579150
265177000
244710825
808464488
367522910
525002063
410000000
244020916
244710703
372412000
367610680
367608860
244710827
56
548062500
244700638
244730680
211473470
352134000
205526390
525009040
244700603
230308886
369098753
477026000
244660159
244660172
412765020
111111112
244750429
244700288
246439000
244758000
431000236
431000383
412461990
259386000
413696510
413800089
244660107
244650678
244710457
244740787
710102038
341607000
525005046
316001262
269057472
413413000
305479000
412750140
525016608
211226550
273004141
373408000
525008004
312854000
219318000
316030979
230172000
367451120
356696000
770576189
770576134
338141018
431600422
244750597
60
413400320
576364000
431000596
710000115
357982000
244700117
311026500
236570000
258004000
244750401
244660434
244630720
413902345
271000976
367459110
564057000
6932
257222222
352688000
244630251
244977000
366709770
701006232
755201178
244700025
412421701
367508430
413800476
311799000
244670865
244700896
32142428
253110000
376907000
229885002
367618991
235082717
205393190
367724000
246389000
244060875
244780435
352275000
338982000
367603210
367522210
366989170
440111160
354934000
257338000
211437320
366967550
244660729
211588680
994136514
219165000
613123456
470573000
994136310
244710444
224247000
413462750
576183000
376665000
367000190
244070846
366834180
211560830
367171240
246901008
616846000
514249000
735059022
211272260
525
440105540
235009590
412320023
244750887
110000000
212746000
211001940
244620937
244670734
298811848
412462090
1
994136504
377518000
412420197
470377000
244110836
265865000
412460860
235071204
244790972
366963330
760000650
244538000
431000223
235103397
770576220
316004910
210035000
316001254
244128000
352286000
367122440
230992710
244710664
466110000
244710475
352837000
413333333
18976437
366952890
775042000
367574231
244690564
259591000
525019522
564011000
244700122
244690429
269057539
244620938
565379076
244670112
525015144
366963043
244870535
369175900
244660169
352775000
253248000
123456788
538070921
366984310
352814000
244830464
246918000
305726000
323232323
367434080
232002589
412666666
375219000
244645890
224239000
258323000
503576100
770576271
244780077
367424470
111016787
211666330
512004511
208720880
219628000
232001580
533790000
412410190
211472160
241159000
271010510
994136312
304081000
244750822
235072757
412434390
244630605
366962950
413000002
413791423
376492000
100124368
900707301
412526270
261000200
244670018
244710352
413371940
366984260
244660967
431000599
441677000
257114400
470123000
244148000
211592170
367339190
235080729
413024520
416237800
269057259
316011407
440787000
710102044
244710367
373449000
244770198
671476000
235099969
244670549
413433860
367360430
431101065
271044109
373779000
245209000
218808000
477995467
265531630
375041000
102762494
730044000
244700721
244050207
123456789
211305290
256177000
412750030
244620207
244452992
273371330
244700010
994136411
994136415
244730470
525009077
316023808
431003967
373223000
230984000
211247120
244070301
244660765
245031000
419000000
244670845
244700830
412111111
366759130
235002514
345200021
244650985
431800597
367369950
244710801
259988000
503666100
577112000
244620869
244670398
244660952
412006899
371932000
211589990
244690316
477012000
7104002
371914000
245703000
244660825
235095629
310160000
244700466
234781000
244630096
229095000
808464496
244810186
367005340
477995073
367466980
235103431
367622520
244060858
211703410
503575400
244650934
209937000
412358888
244630916
244710805
244700736
351722000
367139980
564721000
244810665
6459024
985655296
244710554
244660408
218780000
503576900
205490890
244748142
352277000
244020684
1002058442
366961540
244820369
576718000
244690352
224898000
201208170
224232000
244670648
244700987
220464000
224441000
244750043
667081000
477937900
244710406
277280000
244710879
211532590
205353090
775996425
367302630
477995040
710000440
244650997
316001839
265041000
412008888
211680230
244630150
367017130
235083476
367453850
422000000
308288000
677028900
211227410
770576275
413325780
775996242
440156000
244630052
319048202
250000511
244660395
244710870
244630110
259099000
367343510
230184000
512000465
701006097
211546160
244830366
431100032
413555830
235028825
244700427
412413311
246536000
246300000
244690301
477032000
205372490
235080023
211484674
366939710
567038000
244670109
8
701006240
412323520
244700467
477034000
244020362
246657000
111503020
245139000
6459021
412002220
366995680
372617000
370507000
888888
431101148
601227600
244740929
440261000
271010323
253077000
477995038
258352500
244690330
431602157
244620934
244650753
230145000
244750018
994136315
366898420
412328784
367168940
265546920
994136321
316014595
368470000
218767000
412333333
994131636
770576262
244860670
567001410
366952870
431000523
367198950
413901323
470903000
246139000
244660778
205390790
205508590
353038000
413900975
366996120
265604560
244615748
244710402
277148000
240671001
211680570
228237700
244690543
316007349
244750731
229061000
227000000
999999999
244690214
367307120
412456430
367352250
431005263
312020000
367388450
244750656
701006277
244650879
366967720
244860469
412402610
23303610
258226000
367015890
371398000
367438870
677059100
412464440
271002656
316009547
257212400
6010026
413822601
31705
259216000
440011630
4190033
416003451
366874950
412460850
271002489
353197000
366941840
210842000
316012880
111503019
245685000
339396000
564218000
770576328
316001234
470424000
345000004
273544130
