366969980
538001560
538004621
412431060
413411660
477032000
470000000
503709000
246658000
244650794
9999999
258509000
244700680
107374182
237006600
235080023
265874000
257249000
316001251
477545000
412123456
412437270
316001249
367000140
244700370
477034000
211484674
111503020
219004838
244670063
230184000
413700000
431000124
316011649
412330930
244660409
225423000
211517130
247183200
366996130
316002059
258177000
247186700
316001243
431601219
265511430
999999998
211189000
413762665
636012804
416165800
249753000
362063000
413961142
413432090
431002093
316003289
257308800
503376600
265527920
259551000
353978000
247086200
249898000
244630015
212322000
244670789
205559000
413697820
258271000
413762729
244710444
266192000
316009843
413743000
657011002
375819000
227007550
412428190
431003373
413440830
271042529
244620959
431002504
235028825
413888878
412420503
123456
657972000
755123456
412331000
636015528
251365110
235004960
235082717
701014210
412751850
412596888
275304000
230987410
412596112
888888999
413449290
1514447
258220500
311036800
413462750
123456987
219230000
244670312
370507000
244710825
636013277
431001401
477995063
258296000
413000008
477937300
212561000
413446240
366772960
369970669
244710018
410000000
246389000
367154120
238245940
306258000
265509950
235053239
219016906
244630027
205517490
219016938
701000797
244630110
247163900
366915910
413852201
265573140
235009590
265520400
276747000
246300000
228008600
205203510
341213000
244710703
413472980
203999343
367000190
412451950
227023300
412379830
413471740
413900000
431100549
244060875
412379280
205393190
205351190
248156000
431501756
232002833
413832099
244700131
232418000
412756030
258009500
211437320
244660067
211001940
257381400
272000000
265177000
244216000
244700379
232478000
244740404
246536000
412421140
224127000
235076932
413691180
413461990
257066700
246874000
413900349
255838000
503607000
271002606
431000526
244730890
209126000
265511380
367552410
431000132
412421130
413974000
319349000
309898000
244670638
412047540
205360190
258505000
244670409
413359070
244770266
238160000
247270100
247211300
265547260
503345300
45
244100731
269057316
416100050
412884000
205264890
271002221
257306400
244895000
205504190
247279400
357814000
219000737
258048000
316013040
247046800
367355240
799999999
431300705
376657000
271010308
367044560
244030035
440618000
271010298
271002482
271000906
265549230
244020916
247097200
413733072
211208430
246657000
311824000
367122390
470573000
755999250
238116540
636092440
354868000
51300741
265524530
244740873
677019800
211437250
412468180
413322420
367543560
775049000
367107320
888888
701006257
259402000
211272260
205253490
257355400
244670109
210050000
244620628
259674000
373880000
710999999
263700008
263701470
367104060
265548410
366982390
257349400
211560830
503542400
271010266
431100032
563012720
413888836
211209900
735059022
228085000
3704025
232001040
246381000
211359850
219014012
235070815
257022700
338085241
366834180
441829000
244660323
235081661
375181000
312694000
265507770
372086000
367024990
244750277
211473470
273000001
244060815
367000110
345070401
247139000
725000394
244972000
1828045
230112970
515456000
371830000
367568460
412000089
477995074
470234000
412379270
247413000
352464000
632282
244710741
701509000
518273000
246390000
219017664
367488490
701006362
257028700
413892098
224778000
123456780
246726000
273332610
730001400
241087000
244660215
265386000
271000869
413015060
273357940
245527000
273354420
367314810
244790685
205054000
413906103
22222222
211437270
271042761
265515070
3238993
271043517
235011870
273152800
366885790
3323
434111900
366995712
977777907
338155064
354934000
257261400
271002511
273428120
477095792
51414000
245835928
351402008
345070800
67108875
555622526
770576272
525000000
808663857
477041000
259094000
247178800
205351290
100900000
770576266
269057368
413988988
477074000
277291000
212640000
413589000
219000606
416000278
366749710
477320600
413442030
244750686
345070404
316001257
253124000
477029000
205452690
244645890
251517000
370763000
123456788
553456789
244650467
503000000
636092458
316011409
205050000
538003989
457900097
710000000
219000429
265463000
413422560
257011900
316001244
366902120
412417840
503162600
219017081
888888889
244090901
257602900
354099000
235012119
710000001
265611390
219000604
416000000
257340400
233009000
271010315
263701460
477197500
244274000
244710450
258064000
431000619
477937800
316001265
503698000
431000451
538090307
431400523
276554000
413018060
258408000
211595610
230914000
237003700
246581000
413437230
373490000
316005723
246172000
265514120
224145000
529508000
367393270
211222800
247204000
205233000
319249000
219387000
244700850
413400540
244805000
354361000
412432610
205254190
247132400
312515000
247055900
244010219
244660086
305230000
412666666
210125000
220284000
244030940
4044157
413372040
503759000
244650979
316014621
263701960
413872004
265609570
412460880
219000742
477995072
412410190
244780663
503577100
263701350
2998911
477197400
538070921
567001370
271010100
204701250
900200001
412322323
232002589
205188000
413762684
211526840
224647000
367153930
431003061
244750806
219016832
211437160
239924000
244660052
246351000
370515000
8888
205479890
111111110
470932000
431301679
244650838
440400310
345070400
244670399
355290000
503576800
205483000
244012345
366998840
244630816
370585000
271000539
413787618
770576009
431003381
477995032
352775000
503170000
1262122
244020463
636090253
259280000
211364460
710102037
237040100
247213200
354060000
247060500
205402090
503432000
412456690
4163400
477995077
259593000
211511200
371411000
413988000
258323000
273351850
412100000
1195362
205264290
259395000
1456964
431100628
525123456
244780077
263671570
372579000
692617410
413370560
374748000
244670809
257640900
244630605
258330500
2954041
224239000
431100579
413822006
356027000
244620946
211208350
900300308
263701950
246710000
205112490
212036000
367087140
413446910
572265000
371949000
58704152
257284800
431000527
440773000
367155430
224549000
205466590
219000584
412434390
413694950
244630184
244780514
209724000
219006221
412753280
251438110
244630043
220000054
701006453
701812003
247045400
447004400
245871000
211437340
247056900
311010100
419058300
412439910
244690482
244700533
316007864
441178000
244750687
273312780
525016445
431200681
244660566
227002630
559585225
316009712
244630026
338037842
367126620
205538000
366995748
431002971
244700689
244710742
403284000
413772844
273155500
244615899
2518766
244750690
701000798
235101697
244670072
370455000
265602770
218430000
329002300
367004570
276458000
357181000
224084240
253254000
230992670
219000605
258306500
413422940
244790091
247160800
929313514
271002736
251180110
251425110
367327040
477995041
219000872
645147000
375879000
272693000
431000136
367007760
272083500
244030043
431600023
431004622
257030540
273359150
366768480
413096040
235025112
701006144
419956105
244949000
253248000
413786462
265546930
341539000
316007862
257266500
266001000
367305984
257204400
316018399
210719000
412439060
440005038
476833656
32779
376748000
477063032
208194424
366921216
710014260
685088376
577171000
271041775
477324000
366773060
413024520
413200000
224692000
205273990
311143000
477357000
237156400
273111111
412456420
244670079
701005986
0
538003889
477320700
413814952
319819000
311852000
244710352
477056200
244660830
210095000
412201133
257075500
354590000
477304000
244700500
477995027
212487000
413888879
305736000
413774502
265546890
503621600
366710810
244740052
245209000
205335490
253449000
240575000
413832004
503605000
525019003
242000000
244670108
244710367
244670100
248452000
257052800
230361000
701006161
244670549
238244640
357000000
413462220
257781000
431600621
205501790
431600182
351205000
413445980
503702100
354004000
211631000
440787000
244620782
477995026
413423880
244020757
413411670
503376300
316011407
247034200
244000000
412867000
470000001
413411650
412001379
412876000
512000034
244770618
477995030
431501774
503345500
356939000
265004000
247217400
244750350
412018350
230985490
259153000
227023100
216638226
431602031
503480700
211151080
244735000
503760000
413352910
251065110
244780305
201204131
412764550
205300690
667009029
2738593
311166000
244630158
244100055
411413682
413812103
316001266
235058304
371897000
205592000
271000683
251143110
413256000
271041249
800000000
244357000
2425975
412410260
244430000
258223000
205300000
244391000
257295400
244630750
244700986
245418000
244148000
431100840
232003401
503602000
412460920
244620954
316001268
999000002
228022900
366772750
351355000
244650920
3115479
787878787
431002273
228029800
372011000
111000000
219000431
265640210
244020692
316001247
205279890
412000020
120000000
246128000
247042900
376029000
123000000
470429000
261449000
111503018
244710522
228006800
503576600
265522240
431101065
2516149
564681000
701006154
319732000
235014365
413371940
244619000
244692000
257350500
413331000
1709262
211437240
257285400
477995031
257022800
412888999
244710903
412017370
311037800
265536500
269056957
244660967
413788197
477995075
253136000
257196000
212536000
212157000
257026800
431000458
370505000
345070166
413471870
431100284
209405000
257298900
366982340
412438240
235091111
244710137
366971000
244532000
412328990
345040019
356006000
11111
431000293
244750001
353251000
412270580
244710617
205177000
99999999
244660341
311010600
367013040
244010887
311036300
265604500
312391000
273426520
209093000
367150180
470290000
356249000
244630113
273338630
257605000
244750739
257297400
345050002
431000412
244670113
276756000
503376200
246643000
566000000
755402403
413832002
212004000
316001742
5251537
248045000
211611680
244660565
701006226
470931000
470667000
244770838
271002527
345070600
316001248
245488000
635809126
563009030
503376400
888
244750494
413373280
244740335
265664770
2646514
269056851
413695620
367154480
257243500
412052510
373779000
211437330
257114400
245569000
209631000
276780000
413445370
312601000
230939370
413550320
211496570
503374300
377586000
2904727
247045100
701006145
701006274
379291
377128000
210723000
238115540
422240000
235087611
244660343
413900971
470274900
265530460
256759000
235070078
251318000
503626300
244740618
205487290
431000307
316003123
224197000
423456789
376896000
319768000
470310000
413300920
701006085
431301631
246033000
245992000
235083239
431002607
677028200
265522480
261252000
205280390
376154000
312019000
235065294
230011480
273443890
595111111
4007766
211222350
725002020
2307461
525525525
338123353
470777000
265522620
134217739
577034000
353979000
214182107
431400734
2520934
247288600
470372000
4550902
366771808
257397400
238743840
412060046
273323800
305994000
273354700
442202038
272055700
257540800
338807000
433500660
6003353
413906107
987654307
412331035
41332240
577164000
257303420
369982100
273000000
234781000
710001290
412473730
244780576
225416000
431401978
316005713
477026000
316001262
412888888
413900376
244758000
412200083
239430000
412450000
412755220
503576900
477064000
412987456
413761431
503575400
244060858
271000734
477356000
205193000
244690212
244730016
412412740
3
319956000
100912345
477385000
251055000
244690405
230639000
319904000
265604550
244070620
413817168
237614000
244010526
413862106
244630024
230635000
503260900
265285000
244710817
224093000
564721000
210030000
258359500
257629000
244710805
431003439
244770013
412325000
308399000
353983000
367061930
431704490
701006267
258561000
244660533
244050426
412882000
701006018
412460910
413374130
244750560
247086300
372448000
244650790
244780213
244010724
240383000
200000000
2047593
244670563
431500239
431000859
413999999
211545300
564228000
271010286
412000001
205490890
369970577
413770000
413371950
266252000
259425000
273433550
413401920
367434210
412461990
258329500
636013800
247116800
477197200
412883000
244690251
219318000
677056100
413355030
228163801
412419450
413697830
366983830
367540000
245038000
259386000
100000001
431000457
247295400
431002774
244660961
244257000
218272000
244660745
249901000
265511420
246380000
219018172
412460930
503345400
503541000
412555555
588629
431000487
244700837
273340220
209375000
412465950
265547230
367014190
2447004
244670062
525021102
244660408
248186000
316006302
220619000
470355000
219282000
246537000
413822011
1618143
269025282
235069877
477995073
372079000
244700556
503387400
413444000
431500658
431602089
271056001
431501621
224553000
259188000
413400210
257268800
235002820
271040784
244050469
366855710
219000809
405000099
412461640
413472060
413081510
235064777
244750688
265514130
413301410
657111061
413423890
5
271010304
218780000
316005726
413832001
311044200
235090741
701018442
271000871
525025048
111111112
244509000
413761423
265513810
244770733
258305000
205593000
247054700
238648410
210721000
244391037
247054800
273541320
316011473
413905228
470700351
563100000
244750980
546017900
235031617
265514840
263701770
244710763
431401723
431000236
629411373
273000003
273380700
357942000
235667000
413766681
215883000
525005011
413940589
431000742
211532870
413788198
700743874
247054400
244660172
205203390
413360000
725000625
235707000
412704180
375616000
413472360
244060760
218783000
263701550
413787619
701006293
229095000
413302130
311021100
205404390
273000010
271000831
273444560
244670998
1289988
244710343
257375400
371089000
412410230
248961000
304550000
271010272
247161800
414130000
244690612
244690595
367324580
563020260
316007336
701000654
1030288023
770576126
316013431
354668000
244750693
431800345
413002060
265590730
205391690
271040254
373007000
271002213
251086000
273455430
265665510
831992
251097000
253008000
775044000
205502390
257169200
244710457
245505000
244660627
412428210
485371001
209894000
251451000
564638000
222376
257077240
244710200
412002450
412330230
577196000
273359120
308689000
775505000
258314500
413421730
247047300
214181423
265500630
33030146
579212086
636015171
235052541
314410000
412005005
413766677
88
51301808
367368250
413766679
403700410
224246950
253242377
529466000
235014766
725003500
367174060
251253110
205491590
273334130
341391000
701005899
431400769
244650951
3055653
273355460
24466375
273451430
701006450
367149090
413821668
257364400
224047790
257999239
701006183
636087878
373408000
775514000
372440000
244810665
477095768
226151000
265650950
245282000
622123000
333333333
1193046
265410000
413123456
400000000
244660653
265516670
413810489
701006153
701006405
351409000
431800389
304020821
413473210
215097000
268
413471750
366709770
362024000
503657200
412356789
244660237
367583670
273358650
248692000
211318600
259530000
210258000
248187000
259677000
273353940
244750587
413693350
244670865
413760000
413814947
246359000
245154000
316012774
3070493
211301380
341363000
18976487
251411110
224882000
367219000
247178700
503575800
205051000
412472920
212400000
505936
376566000
244710730
265859000
412468110
412407530
503678900
413024530
3735826
987654321
636091800
244710116
413456789
247165400
244750401
440400170
413024660
366773050
100000000
244700991
244740452
212115000
220378000
823614
413774000
412689000
431401953
412463420
316001245
251123000
244090796
205501000
414321871
265430000
431000596
257144700
412345678
219000577
413446250
253059000
265523890
503615300
413370550
477937200
211537310
244011000
230637000
354574000
205285890
244780024
211543450
3890923
412693350
412350104
413763143
259278000
244730476
367479990
244670755
370511000
412760990
4186586
416000276
224768000
9
413418080
366772990
352168000
503374500
244730883
248982000
413040020
413988277
412596999
413972000
412018120
477995056
413951000
211411230
636091232
237808200
503320500
9999
265522230
244740814
244630028
251057000
413990837
273442530
525005017
412439450
413462110
412421701
316005717
271010301
701000648
413000005
224202000
258068000
316005716
305741000
413666666
265547840
701006244
413780000
215228000
770576186
431000371
245082000
431700169
257282400
205114000
354942000
235064784
413463890
226269000
412222222
230172000
205301290
235002314
431000477
273355340
316013007
800017800
431000275
311561000
244710114
257219400
413400320
265547220
370491000
111
276696000
412373830
999123456
265627630
413888884
244780783
211181930
574000000
257072000
205043000
503720000
256758000
273453770
239386000
413882303
470919000
109054476
247546000
477995028
211222716
1485957
244700196
244528000
13585417
232001060
247079200
215330000
259196000
770576060
413372050
211233510
367335830
271000976
263701440
224007140
413463880
244630720
412570000
259529000
412031040
271042494
251790000
244615283
311011900
244670408
245724000
701018441
431200647
370625000
413024560
245398000
431000308
235089436
11111111
230035440
413015010
235022611
265615260
701006289
503575900
265522490
431301606
246333000
371453000
271000223
244620173
376626000
311026500
900000009
413900527
440115340
219012277
431000501
356299000
372505000
538004014
24465607
1777511
412040370
273354070
211462080
273549320
257256400
219000811
277006000
244169000
211472760
271000743
636007950
258032920
367419080
403288000
244660996
232004598
304853668
412031120
211385930
3943405
273355250
514142000
271040608
725017200
403006000
710000115
215770000
205435990
245601000
470626000
265951000
251155000
253242302
354333000
257018700
164135243
224062130
413905997
257275400
164135106
3425056
214182206
701006151
403701610
257390900
205132000
576564000
470006473
333000340
273331750
372731000
253373000
367392512
785421142
245175000
367392681
251191110
211627400
370231000
273316820
566788427
368105946
273357700
633915971
257005290
249771000
755638354
327806000
220635003
566302928
246242000
211245200
272489000
770576067
311058100
244070903
413002050
123456789
123123123
808663912
477384000
1111
477012000
412339965
237001000
247281400
244670404
311027000
701006147
205625000
311014600
18976452
244700985
223456789
211149000
316001255
168
412755340
309536000
316011408
477031000
369500000
247045300
431602206
259826000
477070100
412464160
246401000
237641000
477039000
88888
701005922
211188000
236294000
366772980
413814934
271000818
372478000
265609540
367463060
235069875
247157500
444444444
470471000
4
265629800
316011504
245984000
431000259
225968130
419000000
503499100
149382685
431000518
240521000
247036100
240594000
412422970
366709780
265586620
413953681
211392200
244620973
225397000
419000185
273155000
259987000
512071000
251244110
265871000
265547270
244020449
244650398
412868000
258098500
413468580
316005728
355313000
700000000
247046700
563455000
244750563
258219000
244710833
413990011
370777000
367376740
412044510
367122380
373255000
219002159
244670357
219825000
412764480
271010284
246171000
412379490
219016555
367008510
235086473
211536840
240815000
123888888
309272000
259490000
247590000
265687640
21233666
701006155
412379030
257015700
244690362
413522050
244780780
219622000
503666100
211247120
224704000
366759130
244660639
244660401
431000261
1073741823
245116000
219653000
413426940
261003330
412469240
503261100
412008090
266127000
373223000
416003188
413471980
431000317
219008536
352725000
431100961
755251400
244275000
259276000
219006009
316007861
700744310
271010551
316005718
566788290
431601949
235002514
259187800
249040000
245450000
244620933
219002317
265708620
316001242
214181607
564305000
440111940
238114040
238823640
431003277
477995029
413442020
273343130
413372010
241123000
367112630
431000249
413406560
205307600
431100945
247191000
257239400
244630183
710001100
438031028
412000011
211476020
367304530
97
355635000
265538450
244660896
470934000
345070708
229097000
244660245
273445350
271000907
244660819
273444430
245349000
503376700
319936000
246021000
219005068
205360090
416450000
205274990
244010910
273451950
265519620
265317000
503000039
413591750
413930723
219313000
533463000
245121000
230634000
244966000
271010326
247177100
413771799
503584700
413900526
636091753
257101500
244710865
372914000
246528000
244050207
247046600
235013197
271010293
219422000
205401710
209122000
636092442
710001000
412001000
413255000
276786000
413375380
244750691
235006680
431501653
367122420
413930711
245585000
211437770
316012834
413473920
244780375
244670040
412365478
235000826
354622000
82
232000001
413900566
924467387
355488000
503345200
319733000
244817000
730044000
244660765
376309000
999999333
211214970
205514990
211437310
413790185
3853942
440400000
244660679
413815897
247045600
657010000
230024660
1253940
210440000
413888839
999999991
353232000
413436790
413789056
412763090
273441940
230938880
273358880
244630022
240654000
311255000
266037000
413303020
228082952
244690455
503761000
251464000
271042241
431401962
219000781
431000325
366781980
701006454
247107100
470774000
366952790
413222000
244670963
636090921
999000001
211474990
244780264
701006050
257325400
366771712
244750217
319264000
245351000
245820000
272888300
244780344
1490241
211543720
345070083
367467170
272092200
273354240
251605000
257363500
272124300
635684
345070286
514962000
431000626
355794000
245027000
253198000
367306128
355715000
600011623
1496081
273446520
440150940
353270000
273442920
431402029
123451234
431800597
725002060
251494110
210407000
431000424
205000001
412789456
616927000
376091000
273336610
770108190
251756000
244838000
710006929
268665
431300336
440201060
992480008
440002076
135792466
422123456
197132304
214182204
244630439
412461320
304416000
265001000
413905572
276779000
230638000
244700448
412460960
276519000
677030700
477303000
920101116
600000000
224016190
211437180
205418790
209392000
477968500
775995130
205484790
205284990
244780823
244750119
237023600
273132900
266301000
205474290
51293245
277339000
271040319
503758000
209300000
246058000
201006210
248417000
900000000
224689000
258092000
367000150
316014010
205491290
244010082
503588800
477509000
205639000
470100050
413272210
413371930
237363700
259344000
265547830
211589740
416000844
701006380
413433910
345000000
244670088
316019282
431000491
366773040
244660377
247230200
211523190
316011982
366929710
1896589
316003656
413900333
503575600
240951000
331430000
219000733
257884900
258130000
316014341
710002450
512002959
413425260
470262000
258221500
236466000
235092453
246798000
413814931
244010955
477937600
265514680
205389826
412461310
201211180
413409080
413473180
565769000
244710340
265573150
412303030
412472790
503575500
219601000
273337630
224277000
257127000
244700715
518721000
123500000
477937400
503603000
848507543
503558600
412470020
412764540
2677757
354292000
503345700
413412710
271010317
470648000
311073800
219000961
111111000
503701200
244010025
205521690
244750495
265000000
219000754
366939820
413822010
244630100
245906000
910798
246656000
412462510
367396710
413018010
259097000
412467870
210280000
257033700
413788196
503576700
224779000
503604000
412438660
271000733
431003033
245679000
316011461
371756000
244010716
276439000
257244400
413959494
431100403
470717000
470123456
265586630
477995251
440000000
211437290
710999996
263701940
306010000
265582580
246543000
308162000
413425450
244710659
265611910
247314000
431402019
219001819
413100000
235900006
211190000
413300000
265186000
219014974
999999222
563009190
305268000
3920226
269057378
525010000
265585920
431000659
413503620
563009210
412044710
413822602
258585000
701812000
244670460
503745700
244700905
244660306
244660862
477990000
230987380
257222400
413425520
246586000
244650575
247128500
257241400
413376610
245494000
244750685
205621000
244030421
235010500
563598000
237836900
261000380
316001236
316003664
2601204
367315570
431402034
244650807
244700380
312786000
273351020
230108610
413045220
431001046
431099806
319058000
219000603
225488000
412476410
367519270
225399000
249735000
271001035
701006225
258305500
219000368
710001520
431000652
265585310
273150110
356159000
258146000
366990630
367480970
503345600
667210900
244622000
431601394
413400530
1208523
680454
352769000
205505590
412047340
371086000
244256000
244710710
244630706
355497000
246411000
367013020
219000836
276162000
366824910
636009894
258266500
265507660
244060176
413417740
370486000
316022239
265577470
657523000
257392400
316007863
245028000
244740741
470209000
247290100
273355240
770576200
273317910
999999555
235064783
230987390
375678000
230110440
362062000
240213000
525002062
701006081
219017815
701006422
211257820
671242000
470000348
999999444
273353480
244710878
222456789
3787751
244710812
566610000
235012190
1344288
413782347
770576105
235056991
677037800
244730894
259456000
413419960
1238995
4174654
701000562
957319
230992580
230108590
244010879
700744010
412043550
311074000
225444000
316012053
265707550
442002007
276788000
271000975
345070018
362345111
701006157
672257576
257304900
251182110
1187945
265522510
251215110
540011300
257173720
367435776
366967490
367026710
370346000
273456230
5550055
309313000
701006149
16395
314362000
403000000
372398936
235016274
244810462
413000000
808664168
366710820
273353150
273152100
257961900
477072000
477056300
123
237
413678439
888888888
412762310
228160900
431300462
265549760
244603000
247265800
412000040
413695720
316001238
413888888
412421090
2
477937500
311794000
12345678
477037000
413951566
412000030
666000001
219458000
244964000
305838000
376185000
413822007
235060208
257165600
777777777
244711426
316001269
244700398
412469250
309826000
470281000
244618000
677011200
316005416
246836000
477937700
266308000
353576000
704643072
219000479
412439240
245670000
710666666
209883000
244810513
503123600
412765420
305622000
431000294
244690002
403040000
219000407
244700688
412417180
271002561
413400220
47703900
316021035
636013879
247007400
259401000
413421710
316001252
413902086
235016903
244660255
244700816
414021000
316001246
245709000
244730020
242911000
3726157
211440680
403010000
636015112
246517000
311404000
205257290
271010278
219003141
341247000
366773030
306068000
701000560
265604580
219000674
205045800
525019592
413812104
431101161
273353770
230628000
265522210
263701890
2992661
253454000
412470450
244750464
525015932
244660725
253046000
305697000
273455500
304010646
205626000
431100955
265505710
244630353
259419000
245618000
257999279
247228600
271002468
362061000
247290200
235001770
413872001
253114000
111111100
413814948
244650552
636014576
990000000
416000057
244660122
244700126
244061000
470457000
477146000
564328000
309076000
413762683
412459420
503601000
345020012
503338000
677058600
431000528
244700537
272319000
431501879
431100338
265512110
263701390
272124400
412410180
246289000
249727000
211444890
235008564
219002177
257006300
367345940
355193000
371401000
225409000
228263700
271002464
244710118
244454000
244780366
244660419
366987610
244630169
770576231
2012586
257233400
503577200
412460000
247616000
247280700
271000751
211181950
431000651
205505090
224111000
265522220
2698616
316001295
338124561
431100332
215203000
259098000
636091351
696811714
413371960
211224140
259479000
271000001
265584790
244700194
273443140
413420580
244730603
273358350
371078000
710123456
246137000
244690001
99
413766678
211281010
431000649
7
564789000
212838000
244710207
341289000
245617000
316019125
362029000
700973250
316014040
355647000
246026000
412301340
413473110
304742000
440121860
412704150
461000437
503576400
412457640
235038773
354059000
412469630
6645040
240498000
677036200
701018742
205280990
2086118
244660875
219000643
238238340
257013700
412324140
563301000
269057360
205355190
755029000
412565655
503669000
636091433
367371850
413417510
265547250
123455678
244670016
259638000
367474670
211437190
503380000
431101119
370513000
431800044
244070288
413373290
271010306
305019000
273431060
246875000
353446000
352859000
235060858
413693170
244731000
210610000
477995033
548000000
236111925
431003749
4167884
367400420
338163000
355970000
422656000
4455035
231093000
677036900
413370570
477739400
205356490
636014098
367519240
273334320
259589000
512000741
657901000
273425540
412354250
1416562
2515447
413222223
276796000
366923440
257837000
257020700
317672
999999000
273443920
366920370
345070072
257236400
503576200
273444710
667009020
257062600
582378
242130100
376262000
258538000
211
273998866
257302400
265546910
273436480
371502000
257234800
1044517
272121500
667002231
215951000
477853120
800026894
211511950
370689000
654045800
368530000
235081502
58720267
710012990
338156085
477991301
667080219
3344678
477030264
205545000
18976437
470503000
18976455
220574000
257287000
412460860
1
412456789
266239000
477038000
412000000
999999999
345070801
413787622
352861000
412015180
247401000
431300697
271001246
636091497
247106500
415000000
636092471
265866000
413425440
257175000
1528513
237247600
258065000
316003669
412461970
413820058
413473690
211537340
477937900
265526080
273339630
211298250
234983000
431500366
211223970
244630157
311062900
236451000
244620940
311025600
470331100
413567890
316001234
265589970
356777000
412751470
247163100
503575700
555555555
224441000
422000000
210035000
636013878
247098200
244620979
265126000
211181940
235031618
525019522
376347000
431000605
576131000
1083687
228009700
412522250
316009547
367087240
413692960
345030007
244700897
211343680
413822601
257062500
412460850
211437280
413901227
219002666
503679200
205008600
366952890
412362090
244770332
412464440
431000617
271001023
244740681
413842002
257278400
431004146
431600641
244660328
200804300
247322000
477995177
244670725
2254532
412456410
259591000
273449410
244650795
265041000
367010420
230181000
244700213
258226000
413852202
413435370
244757000
412462090
477937100
304263000
247121100
412435710
263701280
201208170
366773070
276672000
245742000
244670101
412460320
266026000
265528280
961118000
546005000
412420197
265865000
205435590
371398000
367145870
111503019
305313000
365934954
355289000
477995042
265611110
352123000
373204000
251439000
305996000
477197300
224607000
431003385
244740484
316001254
230629000
224836000
413333333
244750496
412043810
412460330
257288400
259216000
244710126
52939159
244630052
247062400
244620982
316009376
345070048
237448900
412204730
413432010
266296000
503500700
244700124
503241900
227000000
219001431
123456000
244070156
366773090
565435000
372930000
477995040
412378510
413694160
246426000
431301245
205506390
367373850
111100000
413442780
224675000
351801000
210921000
247366000
431301453
440987654
251546000
316001272
205606000
273331960
413407150
258108000
238118940
244710475
440001240
244060306
265604510
244750275
211214980
244670664
246154000
366963980
413372020
244710708
244660629
412400000
431101165
412765590
244710581
242127100
211430730
211233660
316001267
244660757
412522260
265547240
273438790
999000009
244710869
219573000
257212400
412011080
271010034
900000008
431004777
257317400
211534760
470566000
412439250
224646000
354756000
367369720
251125000
367104030
244670797
269057336
272105500
356524000
431004067
440011630
477995044
413695890
259649000
503320400
257549000
257210000
244020876
367120230
211214960
431000223
367004260
244020033
258593000
265514870
227022800
413842004
244574000
413354720
412413258
256281000
265650970
244670214
265528060
244780380
564400000
354921000
431300414
412270002
3361806
645273000
677036700
470565000
235007370
457900002
224200000
244650690
205295690
431100182
999999111
244700238
273332110
412456430
413425510
271010349
375133000
244650997
257429900
245907000
412470050
645140856
265527020
219000622
244615779
413423870
230992710
224898000
321456987
413324780
3535807
258202500
230987550
357736000
412017020
265549580
259491000
431000431
367500800
229558000
521285946
357555000
367496010
1030101030
412355790
272111111
412765190
273314480
235089435
244690859
416002225
251745000
372689000
230111970
211316150
345070176
969883
413930713
205127000
273439640
371910000
273339500
224264000
265577460
413988246
2905445
3508860
746743
775996159
395911
883535432
244660815
243042493
701000794
367191630
205278890
245085000
316007857
503725900
636484628
251088110
261000340
793269
244030023
710001780
367122440
244750826
251401000
257399400
701000962
775042000
957973000
367110910
2292961
839602
219003342
6459022
710005810
273449800
710013210
710000009
366921217
775996425
413404703
710005670
845029502
503576300
431000239
247300000
209936000
210912000
636091120
244810632
222222222
416000183
224957000
8072781
229435000
247106900
412333333
266314000
275325000
413900088
248701000
413761425
111111111
477092000
503345100
265292000
412018380
366771550
230948000
235070241
412900000
412466860
331428000
412430050
244353000
416000001
366773110
311007200
413800000
503680900
11
103
237023700
367130910
205634000
246587000
210002000
247089500
413473190
244690186
413000001
412412412
367370010
246636000
271002466
316011651
219003273
207261221
235080274
257218800
265550720
366772760
431000517
230341000
413814932
245207000
247302700
247047200
239692000
666666666
503701100
224840000
244630651
263700002
412040010
413805859
265546940
431000841
219002929
412762280
304304000
109050476
366922260
331070000
211599340
710000450
244020072
431000238
419000101
636014800
265670330
271000388
503644300
205474000
244660768
477525000
265698740
258352500
431500011
205231000
775992030
259417000
211222790
431000479
367177550
244010190
369517000
272494000
244620196
273147610
247013400
253242428
235082716
258416000
230636000
239722800
244521000
244700890
701060000
477958100
244670087
503576500
271010323
366659730
413817167
4012079
271000538
244700277
258328500
431602157
245350000
416003258
775000000
413778747
900123123
413862108
412461340
246190000
412462270
413872003
367480010
247049900
205557000
503344900
366760710
271010554
431000523
412328360
412330920
412762010
244298000
247045500
345070700
271000000
470453000
413045240
375774000
431000478
413670000
366952870
412320000
701006407
205390790
368470000
413409070
230610000
244974000
257825500
503352700
273355700
470903000
477995260
503575300
246922000
636092024
244700532
265604560
412421120
224360960
244186000
413256789
227011500
235050117
367309120
470576000
271001093
366863870
244660441
244620994
205452890
431400421
246583000
8073718
205391990
244660622
211124650
244620986
789899988
412020650
431000795
431602131
308851000
235007473
257310500
273351580
431601235
247045200
259592000
367347650
244710864
436000051
244670077
205546000
123456778
316001232
503405000
244060818
244620184
205175000
367311640
271010280
366961890
1427346
273290200
211437470
247153800
413421720
111014009
230992740
244790496
367715000
431000306
36671530
265547210
431000309
244650970
258289500
257151900
271000092
366917530
367327120
503344800
370506000
249486000
246901005
412420788
257334400
431000732
257014400
244287000
258327500
624538
412460870
412057010
701007053
251433000
316001235
273166100
205508590
219000607
431000534
657429000
244690030
376178000
205457590
413551920
244710550
244620542
244660747
367376440
244750689
991750
373574000
244740802
265509170
412355140
244700632
237416000
235031619
367006890
316005625
244620944
244700806
245711000
205616000
258242000
201
244670819
412324260
431004911
273447520
247290700
244700535
412473430
258424000
412460890
567001410
244670188
431400115
412300000
244770638
244650754
253077000
205377790
413763138
244660576
265577480
701007040
244690922
413930714
477995239
265568520
271001176
351849000
701006273
412328760
373130000
205475290
244085000
353465000
770576262
501154188
431401143
257999209
210584000
7732054
413474470
219018692
2697306
265704500
440005082
227856
431300775
205396000
577168000
576290000
258584000
205392190
710000240
244710743
412324188
413591740
338343000
329001200
412473150
345070129
249039000
538005063
257277400
357762000
273432060
701006330
205504290
701007048
215544000
470549000
230021990
251047110
431001104
251786110
251533110
259680000
3491202
636090190
319013500
538003917
271040616
212983046
316007845
228000000
264402008
36748250
373972000
245077000
677037700
345070205
710000500
413788193
265546900
725001750
319055900
352997002
214180118
366935296
375278000
